Date,Time,RSNR(dB),Dst(ft),RxBt(V),GPS,GSpd(kmh),Hdg(@),Alt(m),Sats,Rud,Ele,Thr,Ail,S1,S2,SA,SB,SC,SD,SE,SF,LSW,TxBat(V)
2021-10-12,08:54:27.290,0,0,0.0,,0.0,0.00,0,0,0,0,0,0,0,0,-1,-1,-1,-1,-1,-1,0x0000000000000008,4.0
2021-10-12,20:05:00.620,0,0,0.0,,0.0,0.00,0,0,33,1,-1024,-4,0,0,-1,-1,-1,-1,-1,-1,0x0000000000000008,4.0
2021-10-12,20:07:24.850,0,0,0.0,,0.0,0.00,0,0,26,-2,-537,-12,1024,0,-1,-1,-1,-1,-1,1,0x0000000000000018,4.0
2021-10-12,20:07:27.610,0,0,0.0,,0.0,0.00,0,0,27,-1,-538,-12,0,0,-1,-1,-1,-1,-1,-1,0x0000000000000008,4.0
2021-10-12,20:07:30.820,0,0,0.0,,0.0,0.00,0,0,28,-1,-536,-11,0,0,-1,-1,-1,-1,-1,-1,0x0000000000000008,4.0
2021-10-12,20:07:32.320,0,0,0.0,,0.0,0.00,0,0,27,0,-536,-12,0,0,-1,-1,-1,-1,-1,-1,0x0000000000000008,4.0
2021-10-12,20:22:43.170,0,0,0.0,,0.0,0.00,0,0,10,-3,-1024,2,0,0,-1,-1,-1,-1,-1,-1,0x0000000000000008,4.0
2021-10-12,20:22:46.440,0,0,0.0,,0.0,0.00,0,0,9,-3,-1024,0,0,0,-1,-1,-1,-1,-1,-1,0x0000000000000008,4.0
2021-10-12,20:22:47.940,0,0,0.0,,0.0,0.00,0,0,9,-4,-1024,0,0,0,-1,-1,-1,-1,-1,-1,0x0000000000000008,4.0
2021-10-12,20:22:49.690,0,0,0.0,,0.0,0.00,0,0,10,-4,-1024,0,0,0,-1,-1,-1,-1,-1,-1,0x0000000000000008,4.0
2021-10-12,20:22:51.190,0,0,0.0,,0.0,0.00,0,0,10,-3,-1024,1,0,0,-1,-1,-1,-1,-1,-1,0x0000000000000008,4.0
2021-10-12,20:22:54.150,0,0,0.0,,0.0,0.00,0,0,10,-4,-1024,0,0,0,-1,-1,-1,-1,-1,-1,0x0000000000000008,4.0
2021-10-12,20:22:55.640,0,0,0.0,,0.0,0.00,0,0,10,-3,-1024,1,0,0,-1,-1,-1,-1,-1,-1,0x0000000000000008,4.0
2021-10-12,20:22:57.140,0,0,0.0,,0.0,0.00,0,0,11,-5,-1024,1,0,0,-1,-1,-1,-1,-1,-1,0x0000000000000008,4.0
2021-10-12,20:22:58.640,0,0,0.0,,0.0,0.00,0,0,11,-3,-1024,3,0,0,-1,-1,-1,-1,-1,-1,0x0000000000000008,4.0
2021-10-12,20:23:00.150,0,0,0.0,,0.0,0.00,0,0,11,-3,-1024,1,0,0,-1,-1,-1,-1,-1,-1,0x0000000000000008,4.0
2021-10-12,20:23:01.650,0,0,0.0,,0.0,0.00,0,0,12,-3,-1024,2,0,0,-1,-1,-1,-1,-1,-1,0x0000000000000008,4.0
2021-10-12,20:23:03.150,0,0,0.0,,0.0,0.00,0,0,13,-3,-1024,2,0,0,-1,-1,-1,-1,-1,-1,0x0000000000000008,4.0
2021-10-12,20:23:04.650,0,0,0.0,,0.0,0.00,0,0,11,-4,-1024,1,0,0,-1,-1,-1,-1,-1,-1,0x0000000000000008,4.0
2021-10-12,20:23:06.150,0,0,0.0,,0.0,0.00,0,0,12,-3,-1024,1,0,0,-1,-1,-1,-1,-1,-1,0x0000000000000008,4.0
2021-10-12,20:23:07.650,0,0,0.0,,0.0,0.00,0,0,11,-3,-1024,1,0,0,-1,-1,-1,-1,-1,-1,0x0000000000000008,4.0
2021-10-12,20:23:09.150,0,0,0.0,,0.0,0.00,0,0,11,-4,-1024,1,0,0,-1,-1,-1,-1,-1,-1,0x0000000000000008,4.0
2021-10-12,20:23:10.660,0,0,0.0,,0.0,0.00,0,0,12,-3,-1024,3,0,0,-1,-1,-1,-1,-1,-1,0x0000000000000008,4.0
2021-10-12,20:23:12.160,0,0,0.0,,0.0,0.00,0,0,11,-3,-1024,1,0,0,-1,-1,-1,-1,-1,-1,0x0000000000000008,4.0
2021-10-12,20:23:13.660,0,0,0.0,,0.0,0.00,0,0,11,-3,-1024,2,0,0,-1,-1,-1,-1,-1,-1,0x0000000000000008,4.0
2021-10-12,20:23:15.160,0,0,0.0,,0.0,0.00,0,0,11,-3,-1024,1,0,0,-1,-1,-1,-1,-1,-1,0x0000000000000008,4.0
2021-10-12,20:23:16.660,0,0,0.0,,0.0,0.00,0,0,11,-3,-1024,1,0,0,-1,-1,-1,-1,-1,-1,0x0000000000000008,4.0
2021-10-12,20:23:18.160,0,0,0.0,,0.0,0.00,0,0,11,-4,-1024,1,0,0,-1,-1,-1,-1,-1,-1,0x0000000000000008,4.0
2021-10-12,20:23:19.660,0,0,0.0,,0.0,0.00,0,0,11,-3,-1024,3,0,0,-1,-1,-1,-1,-1,-1,0x0000000000000008,4.0
2021-10-12,20:23:21.160,0,0,0.0,,0.0,0.00,0,0,11,-3,-1024,2,0,0,-1,-1,-1,-1,-1,-1,0x0000000000000008,4.0
2021-10-12,20:23:22.660,0,0,0.0,,0.0,0.00,0,0,12,-4,-1024,1,0,0,-1,-1,-1,-1,-1,-1,0x0000000000000008,4.0
2021-10-12,20:23:24.160,0,0,0.0,,0.0,0.00,0,0,11,-3,-1024,1,0,0,-1,-1,-1,-1,-1,-1,0x0000000000000008,4.0
2021-10-12,20:23:25.660,0,0,0.0,,0.0,0.00,0,0,10,-4,-1024,2,0,0,-1,-1,-1,-1,-1,-1,0x0000000000000008,4.0
2021-10-12,20:23:27.160,0,0,0.0,,0.0,0.00,0,0,10,-5,-1024,3,0,0,-1,-1,-1,-1,-1,-1,0x0000000000000008,4.0
2021-10-12,20:23:28.660,0,0,0.0,,0.0,0.00,0,0,11,-4,-1024,2,0,0,-1,-1,-1,-1,-1,-1,0x0000000000000008,4.0
2021-10-12,20:23:30.170,0,0,0.0,,0.0,0.00,0,0,11,-3,-1024,1,0,0,-1,-1,-1,-1,-1,-1,0x0000000000000008,4.0
2021-10-12,20:23:31.670,0,0,0.0,,0.0,0.00,0,0,12,-3,-1024,2,0,0,-1,-1,-1,-1,-1,-1,0x0000000000000008,4.0
2021-10-12,20:23:33.170,0,0,0.0,,0.0,0.00,0,0,12,-4,-1024,1,0,0,-1,-1,-1,-1,-1,-1,0x0000000000000008,4.0
2021-10-12,20:23:34.670,0,0,0.0,,0.0,0.00,0,0,11,-3,-1024,2,0,0,-1,-1,-1,-1,-1,-1,0x0000000000000008,4.0
2021-10-12,20:23:36.170,0,0,0.0,,0.0,0.00,0,0,11,-3,-1024,1,0,0,-1,-1,-1,-1,-1,-1,0x0000000000000008,4.0
2021-10-12,20:23:37.670,0,0,0.0,,0.0,0.00,0,0,11,-5,-1024,2,0,0,-1,-1,-1,-1,-1,-1,0x0000000000000008,4.0
2021-10-12,20:23:39.170,0,0,0.0,,0.0,0.00,0,0,11,-5,-1024,3,0,0,-1,-1,-1,-1,-1,-1,0x0000000000000008,4.0
2021-10-12,20:23:40.670,0,0,0.0,,0.0,0.00,0,0,13,-3,-1024,2,0,0,-1,-1,-1,-1,-1,-1,0x0000000000000008,4.0
2021-10-12,20:23:42.170,0,0,0.0,,0.0,0.00,0,0,11,-4,-1024,4,0,0,-1,-1,-1,-1,-1,-1,0x0000000000000008,4.0
2021-10-12,20:23:43.670,0,0,0.0,,0.0,0.00,0,0,11,-3,-1024,2,0,0,-1,-1,-1,-1,-1,-1,0x0000000000000008,4.0
2021-10-12,20:23:45.170,0,0,0.0,,0.0,0.00,0,0,11,-4,-1024,2,0,0,-1,-1,-1,-1,-1,-1,0x0000000000000008,4.0
2021-10-12,20:23:46.670,0,0,0.0,,0.0,0.00,0,0,11,-5,-1024,1,0,0,-1,-1,-1,-1,-1,-1,0x0000000000000008,4.0
2021-10-12,20:23:48.170,0,0,0.0,,0.0,0.00,0,0,12,-6,-1024,2,0,0,-1,-1,-1,-1,-1,-1,0x0000000000000008,4.0
2021-10-12,20:23:49.670,0,0,0.0,,0.0,0.00,0,0,10,-5,-1024,2,0,0,-1,-1,-1,-1,-1,-1,0x0000000000000008,4.0
2021-10-12,20:23:51.180,0,0,0.0,,0.0,0.00,0,0,11,-4,-1024,1,0,0,-1,-1,-1,-1,-1,-1,0x0000000000000008,4.0
2021-10-12,20:23:52.680,0,0,0.0,,0.0,0.00,0,0,11,-3,-1024,4,0,0,-1,-1,-1,-1,-1,-1,0x0000000000000008,4.0
2021-10-12,20:23:54.180,0,0,0.0,,0.0,0.00,0,0,11,-3,-1024,3,0,0,-1,-1,-1,-1,-1,-1,0x0000000000000008,4.0
2021-10-12,20:23:55.680,0,0,0.0,,0.0,0.00,0,0,11,-4,-1024,1,0,0,-1,-1,-1,-1,-1,-1,0x0000000000000008,4.0
2021-10-12,20:23:57.180,0,0,0.0,,0.0,0.00,0,0,10,-4,-1024,3,0,0,-1,-1,-1,-1,-1,-1,0x0000000000000008,4.0
2021-10-12,20:23:58.680,0,0,0.0,,0.0,0.00,0,0,13,-4,-1024,3,0,0,-1,-1,-1,-1,-1,-1,0x0000000000000008,4.0
2021-10-12,20:24:00.180,0,0,0.0,,0.0,0.00,0,0,11,-2,-1024,2,0,0,-1,-1,-1,-1,-1,-1,0x0000000000000008,4.0
2021-10-12,20:24:01.680,0,0,0.0,,0.0,0.00,0,0,12,-5,-1024,1,0,0,-1,-1,-1,-1,-1,-1,0x0000000000000008,4.0
2021-10-12,20:24:03.180,0,0,0.0,,0.0,0.00,0,0,12,-3,-1024,4,0,0,-1,-1,-1,-1,-1,-1,0x0000000000000008,4.0
2021-10-12,20:24:04.680,0,0,0.0,,0.0,0.00,0,0,11,-2,-1024,3,0,0,-1,-1,-1,-1,-1,-1,0x0000000000000008,4.0
2021-10-12,20:24:06.190,0,0,0.0,,0.0,0.00,0,0,14,-3,-1024,2,0,0,-1,-1,-1,-1,-1,-1,0x0000000000000008,4.0
2021-10-12,20:24:07.690,0,0,0.0,,0.0,0.00,0,0,12,-3,-1024,3,0,0,-1,-1,-1,-1,-1,-1,0x0000000000000008,4.0
2021-10-12,20:24:09.190,0,0,0.0,,0.0,0.00,0,0,13,-4,-1024,2,0,0,-1,-1,-1,-1,-1,-1,0x0000000000000008,4.0
2021-10-12,20:24:10.690,0,0,0.0,,0.0,0.00,0,0,11,-4,-1024,2,0,0,-1,-1,-1,-1,-1,-1,0x0000000000000008,4.0
2021-10-12,20:24:12.190,0,0,0.0,,0.0,0.00,0,0,13,-4,-1024,3,0,0,-1,-1,-1,-1,-1,-1,0x0000000000000008,4.0
2021-10-12,20:24:13.690,0,0,0.0,,0.0,0.00,0,0,13,-2,-1024,2,0,0,-1,-1,-1,-1,-1,-1,0x0000000000000008,4.0
2021-10-12,20:24:15.190,0,0,0.0,,0.0,0.00,0,0,11,-3,-1024,2,0,0,-1,-1,-1,-1,-1,-1,0x0000000000000008,4.0
2021-10-12,20:24:16.690,0,0,0.0,,0.0,0.00,0,0,11,-3,-1024,2,0,0,-1,-1,-1,-1,-1,-1,0x0000000000000008,4.0
2021-10-12,20:24:18.200,0,0,0.0,,0.0,0.00,0,0,13,-3,-1024,3,0,0,-1,-1,-1,-1,-1,-1,0x0000000000000008,4.0
2021-10-12,20:24:19.700,0,0,0.0,,0.0,0.00,0,0,10,-4,-1024,2,1024,0,-1,-1,-1,-1,-1,-1,0x0000000000000008,4.0
2021-10-12,20:24:21.200,0,0,0.0,,0.0,0.00,0,0,12,-4,-1024,2,0,0,-1,-1,-1,-1,-1,-1,0x0000000000000008,4.0
2021-10-12,20:24:22.700,0,0,0.0,,0.0,0.00,0,0,12,-3,-1024,2,0,0,-1,-1,-1,-1,-1,-1,0x0000000000000008,4.0
2021-10-12,20:24:24.200,0,0,0.0,,0.0,0.00,0,0,11,-3,-1024,3,0,0,-1,-1,-1,-1,-1,-1,0x0000000000000008,4.0
2021-10-12,20:24:25.700,0,0,0.0,,0.0,0.00,0,0,11,-3,-1024,3,0,0,-1,-1,-1,-1,-1,-1,0x0000000000000008,4.0
2021-10-12,20:24:27.200,0,0,0.0,,0.0,0.00,0,0,11,-5,-1024,2,0,0,-1,-1,-1,-1,-1,-1,0x0000000000000008,4.0
2021-10-12,20:24:28.700,0,0,0.0,,0.0,0.00,0,0,10,-5,-1024,2,0,0,-1,-1,-1,-1,-1,-1,0x0000000000000008,4.0
2021-10-12,20:24:30.200,0,0,0.0,,0.0,0.00,0,0,11,-3,-1024,2,0,0,-1,-1,-1,-1,-1,-1,0x0000000000000008,4.0
2021-10-12,20:24:31.700,0,0,0.0,,0.0,0.00,0,0,11,-3,-1024,2,0,0,-1,-1,-1,-1,-1,-1,0x0000000000000008,4.0
2021-10-12,20:24:33.200,0,0,0.0,,0.0,0.00,0,0,12,-2,-1024,3,0,0,-1,-1,-1,-1,-1,-1,0x0000000000000008,4.0
2021-10-12,20:24:34.700,0,0,0.0,,0.0,0.00,0,0,11,-3,-1024,2,0,0,-1,-1,-1,-1,-1,-1,0x0000000000000008,4.0
2021-10-12,20:24:36.210,0,0,0.0,,0.0,0.00,0,0,11,-3,-1024,2,1024,0,-1,-1,-1,-1,-1,-1,0x0000000000000008,4.0
2021-10-12,20:24:37.710,0,0,0.0,,0.0,0.00,0,0,12,-3,-1024,2,1024,0,-1,-1,-1,-1,-1,-1,0x0000000000000008,4.0
2021-10-12,20:24:39.210,0,0,0.0,,0.0,0.00,0,0,12,-3,-1024,2,0,0,-1,-1,-1,-1,-1,-1,0x0000000000000008,4.0
2021-10-12,20:24:40.750,0,0,0.0,,0.0,0.00,0,0,11,-3,-1024,2,0,0,-1,-1,-1,-1,-1,-1,0x0000000000000008,4.0
2021-10-12,20:24:42.250,0,0,0.0,,0.0,0.00,0,0,11,-5,-1024,1,0,0,-1,-1,-1,-1,-1,-1,0x0000000000000008,4.0
2021-10-12,20:24:43.750,0,0,0.0,,0.0,0.00,0,0,12,-3,-1024,3,0,0,-1,-1,-1,-1,-1,-1,0x0000000000000008,4.0
2021-10-12,20:24:45.250,0,0,0.0,,0.0,0.00,0,0,11,-3,-1024,3,0,0,-1,-1,-1,-1,-1,-1,0x0000000000000008,4.0
2021-10-12,20:24:46.750,0,0,0.0,,0.0,0.00,0,0,10,-4,-1024,2,0,0,-1,-1,-1,-1,-1,-1,0x0000000000000008,4.0
2021-10-12,20:24:48.250,0,0,0.0,,0.0,0.00,0,0,13,-4,-1024,2,0,0,-1,-1,-1,-1,-1,-1,0x0000000000000008,4.0
2021-10-12,20:24:49.750,0,0,0.0,,0.0,0.00,0,0,13,-3,-1024,2,0,0,-1,-1,-1,-1,-1,-1,0x0000000000000008,4.0
2021-10-12,20:24:51.260,0,0,0.0,,0.0,0.00,0,0,11,-4,-1024,3,0,0,-1,-1,-1,-1,-1,-1,0x0000000000000008,4.0
2021-10-12,20:24:52.760,0,0,0.0,,0.0,0.00,0,0,11,-6,-1024,0,0,0,-1,-1,-1,-1,-1,-1,0x0000000000000008,4.0
2021-10-12,20:24:54.260,0,0,0.0,,0.0,0.00,0,0,11,-5,-1024,1,0,0,-1,-1,-1,-1,-1,-1,0x0000000000000008,4.0
2021-10-12,20:24:55.780,0,0,0.0,,0.0,0.00,0,0,8,-6,-1024,0,0,0,-1,-1,-1,-1,-1,-1,0x0000000000000008,4.0
2021-10-12,20:24:57.280,0,0,0.0,,0.0,0.00,0,0,9,-4,-1024,1,0,0,-1,-1,-1,-1,-1,-1,0x0000000000000008,4.0
2021-10-12,20:24:58.780,0,0,0.0,,0.0,0.00,0,0,10,-5,-1024,1,0,0,-1,-1,-1,-1,-1,-1,0x0000000000000008,4.0
2021-10-12,20:25:00.280,0,0,0.0,,0.0,0.00,0,0,11,-4,-1024,0,0,0,-1,-1,-1,-1,-1,-1,0x0000000000000008,4.0
2021-10-12,20:25:01.780,0,0,0.0,,0.0,0.00,0,0,12,-5,-1024,0,0,0,-1,-1,-1,-1,-1,-1,0x0000000000000008,4.0
2021-10-12,20:25:03.290,0,0,0.0,,0.0,0.00,0,0,14,-5,-1024,1,0,0,-1,-1,-1,-1,-1,-1,0x0000000000000008,4.0
2021-10-12,20:25:04.790,0,0,0.0,,0.0,0.00,0,0,13,-5,-1024,1,0,0,-1,-1,-1,-1,-1,-1,0x0000000000000008,4.0
2021-10-12,20:25:06.290,0,0,0.0,,0.0,0.00,0,0,12,-4,-1024,1,0,0,-1,-1,-1,-1,-1,-1,0x0000000000000008,4.0
2021-10-12,20:25:07.790,0,0,0.0,,0.0,0.00,0,0,11,-5,-1024,0,0,0,-1,-1,-1,-1,-1,-1,0x0000000000000008,4.0
2021-10-12,20:25:09.290,0,0,0.0,,0.0,0.00,0,0,12,-4,-1024,0,0,0,-1,-1,-1,-1,-1,-1,0x0000000000000008,4.0
2021-10-12,20:25:10.790,0,0,0.0,,0.0,0.00,0,0,9,-4,-1024,2,0,0,-1,-1,-1,-1,-1,-1,0x0000000000000008,4.0
2021-10-12,20:25:13.440,0,0,0.0,,0.0,0.00,0,0,11,-5,-1024,1,0,0,-1,-1,-1,-1,-1,-1,0x0000000000000008,4.0
2021-10-12,20:25:16.640,0,0,0.0,,0.0,0.00,0,0,11,-5,-1024,1,0,0,-1,-1,-1,-1,-1,-1,0x0000000000000008,4.0
2021-10-12,20:25:18.140,0,0,0.0,,0.0,0.00,0,0,14,-5,-1024,0,0,0,-1,-1,-1,-1,-1,-1,0x0000000000000008,4.0
2021-10-12,20:25:19.640,0,0,0.0,,0.0,0.00,0,0,13,-3,-1024,1,0,0,-1,-1,-1,-1,-1,-1,0x0000000000000008,4.0
2021-10-12,20:25:21.140,0,0,0.0,,0.0,0.00,0,0,11,-4,-1024,0,0,0,-1,-1,-1,-1,-1,-1,0x0000000000000008,4.0
2021-10-12,20:25:22.640,0,0,0.0,,0.0,0.00,0,0,13,-5,-1024,0,0,0,-1,-1,-1,-1,-1,-1,0x0000000000000008,4.0
2021-10-12,20:25:24.140,0,0,0.0,,0.0,0.00,0,0,13,-5,-1024,0,0,0,-1,-1,-1,-1,-1,-1,0x0000000000000008,4.0
2021-10-12,20:25:25.640,0,0,0.0,,0.0,0.00,0,0,12,-5,-1024,0,0,0,-1,-1,-1,-1,-1,-1,0x0000000000000008,4.0
2021-10-12,20:25:27.140,0,0,0.0,,0.0,0.00,0,0,11,-5,-1024,1,0,0,-1,-1,-1,-1,-1,-1,0x0000000000000008,4.0
2021-10-12,20:25:28.650,0,0,0.0,,0.0,0.00,0,0,12,-5,-1024,1,0,0,-1,-1,-1,-1,-1,-1,0x0000000000000008,4.0
2021-10-12,20:25:30.150,0,0,0.0,,0.0,0.00,0,0,11,-5,-1024,1,0,0,-1,-1,-1,-1,-1,-1,0x0000000000000008,4.0
2021-10-12,20:25:31.650,0,0,0.0,,0.0,0.00,0,0,12,-5,-1024,0,0,0,-1,-1,-1,-1,-1,-1,0x0000000000000008,4.0
2021-10-12,20:25:33.150,0,0,0.0,,0.0,0.00,0,0,11,-5,-1024,0,0,0,-1,-1,-1,-1,-1,-1,0x0000000000000008,4.0
2021-10-12,20:25:34.650,0,0,0.0,,0.0,0.00,0,0,11,-6,-1024,0,0,0,-1,-1,-1,-1,-1,-1,0x0000000000000008,4.0
2021-10-12,20:25:36.160,0,0,0.0,,0.0,0.00,0,0,11,-3,-1024,2,0,0,-1,-1,-1,-1,-1,-1,0x0000000000000008,4.0
2021-10-12,20:25:39.030,0,0,0.0,,0.0,0.00,0,0,10,-4,-1024,1,0,0,-1,-1,-1,-1,-1,-1,0x0000000000000008,4.0
2021-10-12,20:25:40.510,0,0,0.0,,0.0,0.00,0,0,11,-4,-1024,0,0,0,-1,-1,-1,-1,-1,-1,0x0000000000000008,4.0
2021-10-12,20:25:44.420,0,0,0.0,,0.0,0.00,0,0,12,-5,-1024,0,0,0,-1,-1,-1,-1,-1,-1,0x0000000000000008,4.0
2021-10-12,20:26:42.460,0,0,0.0,,0.0,0.00,0,0,10,-6,-1024,2,0,0,-1,-1,-1,-1,-1,-1,0x0000000000000008,4.0
2021-10-12,20:26:43.960,0,0,0.0,,0.0,0.00,0,0,9,-6,-1024,2,0,0,-1,-1,-1,-1,-1,-1,0x0000000000000008,4.0
2021-10-12,20:26:49.670,0,0,0.0,,0.0,0.00,0,0,10,-6,-1024,1,0,0,-1,-1,-1,-1,-1,-1,0x0000000000000008,4.0
2021-10-12,20:29:19.230,0,0,0.0,,0.0,0.00,0,0,11,-4,-1024,1,0,0,-1,-1,-1,-1,-1,-1,0x0000000000000008,4.0
2021-10-12,20:29:20.730,0,0,0.0,,0.0,0.00,0,0,11,-6,-1024,0,0,0,-1,-1,-1,1,-1,-1,0x0000000000000000,4.0
2021-10-12,20:29:23.180,0,0,0.0,,0.0,0.00,0,0,9,-2,-1023,-1,0,0,-1,-1,-1,-1,-1,-1,0x0000000000000008,4.0
2021-10-12,20:59:12.010,0,0,0.0,,0.0,0.00,0,0,11,-3,-1023,2,-1024,-1024,-1,-1,-1,-1,-1,-1,0x0000000000000008,4.0
2021-10-12,20:59:13.510,0,0,0.0,,0.0,0.00,0,0,13,-4,-1024,1,-1024,-1024,-1,-1,-1,-1,-1,-1,0x0000000000000008,4.0
2021-10-12,20:59:17.080,0,0,0.0,,0.0,0.00,0,0,12,-4,-1023,0,-1024,-1024,-1,-1,-1,-1,-1,-1,0x0000000000000008,4.0
2021-10-12,20:59:18.570,0,0,0.0,,0.0,0.00,0,0,11,-4,-1024,0,-1024,-1024,-1,-1,-1,-1,-1,-1,0x0000000000000008,4.0
2021-10-12,20:59:20.230,0,0,0.0,,0.0,0.00,0,0,11,-3,-1024,1,-1024,-1024,-1,-1,-1,-1,-1,-1,0x0000000000000008,4.0
2021-10-12,20:59:21.720,0,0,0.0,,0.0,0.00,0,0,11,-2,-1024,1,-1024,-1024,-1,-1,-1,-1,-1,-1,0x0000000000000008,4.0
2021-10-12,20:59:23.220,0,0,0.0,,0.0,0.00,0,0,11,-4,-1024,0,-1024,-1024,1,-1,-1,-1,-1,-1,0x0000000000000008,4.0
2021-10-12,20:59:24.730,0,0,0.0,,0.0,0.00,0,0,9,-2,-1024,0,-1024,-1024,-1,-1,-1,-1,-1,-1,0x0000000000000008,4.0
2021-10-12,20:59:26.230,0,0,0.0,,0.0,0.00,0,0,11,-4,-1024,0,-1024,-1024,-1,-1,-1,-1,-1,-1,0x0000000000000008,4.0
2021-10-12,20:59:27.730,0,0,0.0,,0.0,0.00,0,0,12,-3,-1024,0,-1024,-1024,-1,-1,-1,-1,-1,-1,0x0000000000000008,4.0
2021-10-12,20:59:29.230,0,0,0.0,,0.0,0.00,0,0,13,-5,-1024,0,-1024,-1024,-1,-1,-1,-1,-1,-1,0x0000000000000008,4.0
2021-10-12,20:59:30.730,0,0,0.0,,0.0,0.00,0,0,9,-6,-1018,5,-1024,-1024,-1,-1,-1,-1,-1,-1,0x0000000000000008,4.0
2021-10-12,20:59:32.230,0,0,0.0,,0.0,0.00,0,0,7,0,-1019,-1,-1024,-1024,-1,-1,-1,-1,-1,-1,0x0000000000000008,4.0
2021-10-12,20:59:33.730,0,0,0.0,,0.0,0.00,0,0,7,0,-1017,-3,-1024,-1024,-1,-1,-1,-1,-1,-1,0x0000000000000008,4.0
2021-10-12,20:59:35.230,0,0,0.0,,0.0,0.00,0,0,8,0,-1018,0,-1024,-1024,-1,-1,-1,-1,-1,-1,0x0000000000000008,4.0
2021-10-12,20:59:36.730,0,0,0.0,,0.0,0.00,0,0,7,0,-1017,-3,-314,-1024,-1,-1,-1,-1,-1,-1,0x0000000000000008,4.0
2021-10-12,20:59:38.230,0,0,0.0,,0.0,0.00,0,0,9,0,-1019,-1,-1024,-1024,-1,-1,-1,-1,-1,-1,0x0000000000000008,4.0
2021-10-12,20:59:39.730,0,0,0.0,,0.0,0.00,0,0,7,0,-1017,-1,-1024,-1024,-1,-1,-1,-1,-1,-1,0x0000000000000008,4.0
2021-10-12,20:59:41.230,0,0,0.0,,0.0,0.00,0,0,8,-1,-1018,-1,-1024,-1024,-1,-1,-1,-1,-1,-1,0x0000000000000008,4.0
2021-10-12,20:59:42.730,0,0,0.0,,0.0,0.00,0,0,8,0,-1015,-2,-1024,-1024,-1,-1,-1,-1,-1,-1,0x0000000000000008,4.0
2021-10-12,20:59:44.230,0,0,0.0,,0.0,0.00,0,0,9,0,-1017,-3,-1024,-1024,-1,-1,-1,-1,-1,-1,0x0000000000000008,4.0
2021-10-12,20:59:45.730,0,0,0.0,,0.0,0.00,0,0,9,0,-1016,0,-1024,-1024,-1,-1,-1,-1,-1,-1,0x0000000000000008,4.0
2021-10-12,20:59:47.230,0,0,0.0,,0.0,0.00,0,0,8,0,-1018,-1,-1024,-1024,-1,-1,-1,-1,-1,-1,0x0000000000000008,4.0
2021-10-12,20:59:48.730,0,0,0.0,,0.0,0.00,0,0,7,0,-1017,-1,-1024,-1024,-1,-1,-1,-1,-1,-1,0x0000000000000008,4.0
2021-10-12,20:59:50.230,0,0,0.0,,0.0,0.00,0,0,8,0,-1017,-1,-1024,-1024,-1,-1,-1,-1,-1,-1,0x0000000000000008,4.0
2021-10-12,20:59:51.740,0,0,0.0,,0.0,0.00,0,0,7,0,-1017,-1,-1024,-1024,-1,-1,-1,-1,-1,-1,0x0000000000000008,4.0
2021-10-12,20:59:53.240,0,0,0.0,,0.0,0.00,0,0,7,0,-1016,-1,-1024,-1024,-1,-1,-1,-1,-1,-1,0x0000000000000008,4.0
2021-10-12,20:59:54.740,0,0,0.0,,0.0,0.00,0,0,7,0,-1018,0,-1024,-1024,-1,-1,-1,-1,-1,-1,0x0000000000000008,4.0
2021-10-12,20:59:56.240,0,0,0.0,,0.0,0.00,0,0,9,0,-1017,-2,-1024,-1024,-1,-1,-1,-1,-1,-1,0x0000000000000008,4.0
2021-10-12,20:59:57.740,0,0,0.0,,0.0,0.00,0,0,6,0,-1017,-1,-1024,-1024,-1,-1,-1,-1,-1,-1,0x0000000000000008,4.0
2021-10-12,20:59:59.240,0,0,0.0,,0.0,0.00,0,0,8,0,-1017,-1,-1024,-1024,-1,-1,-1,-1,-1,-1,0x0000000000000008,4.0
2021-10-12,21:00:00.740,0,0,0.0,,0.0,0.00,0,0,9,0,-1018,0,-1024,-1024,-1,-1,-1,-1,-1,-1,0x0000000000000008,4.0
2021-10-12,21:00:02.240,0,0,0.0,,0.0,0.00,0,0,8,0,-1018,0,-1024,-1024,-1,-1,-1,-1,-1,-1,0x0000000000000008,4.0
2021-10-12,21:00:03.750,0,0,0.0,,0.0,0.00,0,0,6,0,-1017,0,-1024,-1024,-1,-1,-1,-1,-1,-1,0x0000000000000008,4.0
2021-10-12,21:00:05.250,0,0,0.0,,0.0,0.00,0,0,8,0,-1017,0,-1024,-1024,-1,-1,-1,-1,-1,-1,0x0000000000000008,4.0
2021-10-12,21:00:06.750,0,0,0.0,,0.0,0.00,0,0,8,0,-1017,0,-1024,-1024,-1,-1,-1,-1,-1,-1,0x0000000000000008,4.0
2021-10-12,21:00:08.250,0,0,0.0,,0.0,0.00,0,0,7,0,-1017,0,-1024,-1024,-1,-1,-1,-1,-1,-1,0x0000000000000008,4.0
2021-10-12,21:00:09.750,0,0,0.0,,0.0,0.00,0,0,8,0,-1016,0,-1024,-1024,-1,-1,-1,-1,-1,-1,0x0000000000000008,4.0
2021-10-12,21:00:11.250,0,0,0.0,,0.0,0.00,0,0,7,0,-1019,0,-1024,-1024,-1,-1,-1,-1,-1,-1,0x0000000000000008,4.0
2021-10-12,21:00:12.750,0,0,0.0,,0.0,0.00,0,0,7,0,-1018,-2,-1024,-1024,-1,-1,-1,-1,-1,-1,0x0000000000000008,4.0
2021-10-12,21:00:14.250,0,0,0.0,,0.0,0.00,0,0,7,0,-1019,0,-1024,-1024,-1,-1,-1,-1,-1,-1,0x0000000000000008,4.0
2021-10-12,21:00:15.760,0,0,0.0,,0.0,0.00,0,0,7,1,-1017,0,-1024,-1024,-1,-1,-1,-1,-1,-1,0x0000000000000008,4.0
2021-10-12,21:00:17.260,0,0,0.0,,0.0,0.00,0,0,8,0,-1017,0,-1024,-1024,-1,-1,-1,-1,-1,-1,0x0000000000000008,4.0
2021-10-12,21:00:18.760,0,0,0.0,,0.0,0.00,0,0,9,0,-1017,0,-1024,-1024,-1,-1,-1,-1,-1,-1,0x0000000000000008,4.0
2021-10-12,21:00:20.260,0,0,0.0,,0.0,0.00,0,0,5,0,-1018,0,-1024,-1024,-1,-1,-1,-1,-1,-1,0x0000000000000008,4.0
2021-10-12,21:00:21.760,0,0,0.0,,0.0,0.00,0,0,8,0,-1016,0,-1024,-1024,-1,-1,-1,-1,-1,-1,0x0000000000000008,4.0
2021-10-12,21:00:23.260,0,0,0.0,,0.0,0.00,0,0,8,0,-1017,0,-1024,-1024,-1,-1,-1,-1,-1,-1,0x0000000000000008,4.0
2021-10-12,21:00:24.760,0,0,0.0,,0.0,0.00,0,0,10,0,-1017,0,-1024,-1024,-1,-1,-1,-1,-1,-1,0x0000000000000008,4.0
2021-10-12,21:00:26.260,0,0,0.0,,0.0,0.00,0,0,7,0,-1018,0,-1024,-1024,-1,-1,-1,-1,-1,-1,0x0000000000000008,4.0
2021-10-12,21:00:27.760,0,0,0.0,,0.0,0.00,0,0,6,0,-1016,0,-1024,-1024,-1,-1,-1,-1,-1,-1,0x0000000000000008,4.0
2021-10-12,21:00:29.260,0,0,0.0,,0.0,0.00,0,0,7,0,-1017,0,-1024,-1024,-1,-1,-1,-1,-1,-1,0x0000000000000008,4.0
2021-10-12,21:00:30.770,0,0,0.0,,0.0,0.00,0,0,8,0,-1017,0,-1024,-1024,-1,-1,-1,-1,-1,-1,0x0000000000000008,4.0
2021-10-12,21:00:32.270,0,0,0.0,,0.0,0.00,0,0,7,0,-1017,0,-1024,-1024,-1,-1,-1,-1,-1,-1,0x0000000000000008,4.0
2021-10-12,21:00:33.770,0,0,0.0,,0.0,0.00,0,0,7,0,-1017,-1,-1024,-1024,-1,-1,-1,-1,-1,-1,0x0000000000000008,4.0
2021-10-12,21:00:35.270,0,0,0.0,,0.0,0.00,0,0,7,0,-1018,0,-1024,-1024,-1,-1,-1,-1,-1,-1,0x0000000000000008,4.0
2021-10-12,21:00:36.770,0,0,0.0,,0.0,0.00,0,0,8,0,-1018,-1,-1024,-1024,-1,-1,-1,-1,-1,-1,0x0000000000000008,4.0
2021-10-12,21:00:38.270,0,0,0.0,,0.0,0.00,0,0,8,0,-1017,0,-1024,-1024,-1,-1,-1,-1,-1,-1,0x0000000000000008,4.0
2021-10-12,21:00:39.770,0,0,0.0,,0.0,0.00,0,0,6,0,-1018,0,-1024,-1024,-1,-1,-1,-1,-1,-1,0x0000000000000008,4.0
2021-10-12,21:00:41.270,0,0,0.0,,0.0,0.00,0,0,8,1,-1018,0,-566,-1024,-1,-1,-1,-1,-1,-1,0x0000000000000008,4.0
2021-10-12,21:00:42.770,0,0,0.0,,0.0,0.00,0,0,6,0,-1016,1,-1024,-1024,-1,-1,-1,-1,-1,-1,0x0000000000000008,4.0
2021-10-12,21:00:44.280,0,0,0.0,,0.0,0.00,0,0,8,2,-1017,0,-1024,-1024,-1,-1,-1,-1,-1,-1,0x0000000000000008,4.0
2021-10-12,21:00:45.780,0,0,0.0,,0.0,0.00,0,0,7,1,-1016,0,-1024,-1024,-1,-1,-1,-1,-1,-1,0x0000000000000008,4.0
2021-10-12,21:00:47.280,0,0,0.0,,0.0,0.00,0,0,6,1,-1018,0,-1024,-1024,-1,-1,-1,-1,-1,-1,0x0000000000000008,4.0
2021-10-12,21:00:48.780,0,0,0.0,,0.0,0.00,0,0,8,0,-1017,0,-1024,-1024,-1,-1,-1,-1,-1,-1,0x0000000000000008,4.0
2021-10-12,21:00:50.280,0,0,0.0,,0.0,0.00,0,0,6,1,-1016,0,-1024,-1024,-1,-1,-1,-1,-1,-1,0x0000000000000008,4.0
2021-10-12,21:00:51.780,0,0,0.0,,0.0,0.00,0,0,7,0,-1017,0,-1024,-1024,-1,-1,-1,-1,-1,-1,0x0000000000000008,4.0
2021-10-12,21:00:53.280,0,0,0.0,,0.0,0.00,0,0,8,2,-1016,0,-1024,-1024,-1,-1,-1,-1,-1,-1,0x0000000000000008,4.0
2021-10-12,21:00:54.780,0,0,0.0,,0.0,0.00,0,0,7,1,-1017,0,-1024,-1024,-1,-1,-1,-1,-1,-1,0x0000000000000008,4.0
2021-10-12,21:00:56.280,0,0,0.0,,0.0,0.00,0,0,7,1,-1017,0,-1024,-1024,-1,-1,-1,-1,-1,-1,0x0000000000000008,4.0
2021-10-12,21:00:57.780,0,0,0.0,,0.0,0.00,0,0,7,1,-1019,0,-1024,-1024,-1,-1,-1,-1,-1,-1,0x0000000000000008,4.0
2021-10-12,21:00:59.280,0,0,0.0,,0.0,0.00,0,0,6,2,-1018,0,-1024,-1024,-1,-1,-1,-1,-1,-1,0x0000000000000008,4.0
2021-10-12,21:01:00.780,0,0,0.0,,0.0,0.00,0,0,7,1,-1016,1,-1024,-1024,-1,-1,-1,-1,-1,-1,0x0000000000000008,4.0
2021-10-12,21:01:02.280,0,0,0.0,,0.0,0.00,0,0,7,2,-1017,0,-1024,-1024,-1,-1,-1,-1,-1,-1,0x0000000000000008,4.0
2021-10-12,21:01:03.780,0,0,0.0,,0.0,0.00,0,0,7,1,-1018,0,-1024,-1024,-1,-1,-1,-1,-1,-1,0x0000000000000008,4.0
2021-10-12,21:01:05.280,0,0,0.0,,0.0,0.00,0,0,7,2,-1017,0,-1024,-1024,-1,-1,-1,-1,-1,-1,0x0000000000000008,4.0
2021-10-12,21:01:06.780,0,0,0.0,,0.0,0.00,0,0,7,0,-1016,0,-1024,-1024,-1,-1,-1,-1,-1,-1,0x0000000000000008,4.0
2021-10-12,21:01:08.290,0,0,0.0,,0.0,0.00,0,0,8,1,-1019,0,-1024,-1024,-1,-1,-1,-1,-1,-1,0x0000000000000008,4.0
2021-10-12,21:01:09.790,0,0,0.0,,0.0,0.00,0,0,5,2,-1018,0,-1024,-1024,-1,-1,-1,-1,-1,-1,0x0000000000000008,4.0
2021-10-12,21:01:11.290,0,0,0.0,,0.0,0.00,0,0,8,0,-1018,1,-1024,-1024,-1,-1,-1,-1,-1,-1,0x0000000000000008,4.0
2021-10-12,21:01:12.790,0,0,0.0,,0.0,0.00,0,0,8,1,-1016,0,-1024,-1024,-1,-1,-1,-1,-1,-1,0x0000000000000008,4.0
2021-10-12,21:01:14.290,0,0,0.0,,0.0,0.00,0,0,6,0,-1017,0,-1024,-1024,-1,-1,-1,-1,-1,-1,0x0000000000000008,4.0
2021-10-12,21:01:15.790,0,0,0.0,,0.0,0.00,0,0,7,2,-1016,0,-1024,-1024,-1,-1,-1,-1,-1,-1,0x0000000000000008,4.0
2021-10-12,21:01:17.290,0,0,0.0,,0.0,0.00,0,0,6,2,-1016,0,-1024,-1024,-1,-1,-1,-1,-1,-1,0x0000000000000008,4.0
2021-10-12,21:01:18.790,0,0,0.0,,0.0,0.00,0,0,7,1,-1017,0,-1024,-1024,-1,-1,-1,-1,-1,-1,0x0000000000000008,4.0
2021-10-12,21:01:20.300,0,0,0.0,,0.0,0.00,0,0,5,0,-1016,0,-1024,-1024,-1,-1,-1,-1,-1,-1,0x0000000000000008,4.0
2021-10-12,21:01:21.800,0,0,0.0,,0.0,0.00,0,0,7,2,-1017,0,-1024,-1024,-1,-1,-1,-1,-1,-1,0x0000000000000008,4.0
2021-10-12,21:01:23.300,0,0,0.0,,0.0,0.00,0,0,7,1,-1016,0,-1024,-1024,-1,-1,-1,-1,-1,-1,0x0000000000000008,4.0
2021-10-12,21:01:24.800,0,0,0.0,,0.0,0.00,0,0,6,1,-1017,1,-1024,-1024,-1,-1,-1,-1,-1,-1,0x0000000000000008,4.0
2021-10-12,21:01:26.300,0,0,0.0,,0.0,0.00,0,0,7,2,-1018,0,-1024,-1024,-1,-1,-1,-1,-1,-1,0x0000000000000008,4.0
2021-10-12,21:01:27.800,0,0,0.0,,0.0,0.00,0,0,7,2,-1018,0,-1024,-1024,-1,-1,-1,-1,-1,-1,0x0000000000000008,4.0
2021-10-12,21:01:29.300,0,0,0.0,,0.0,0.00,0,0,8,1,-1017,0,-1024,-1024,-1,-1,-1,-1,-1,-1,0x0000000000000008,4.0
2021-10-12,21:01:30.800,0,0,0.0,,0.0,0.00,0,0,6,2,-1015,1,-1024,-1024,-1,-1,-1,-1,-1,-1,0x0000000000000008,4.0
2021-10-12,21:01:32.300,0,0,0.0,,0.0,0.00,0,0,5,1,-1017,2,-1024,-1024,-1,-1,-1,-1,-1,-1,0x0000000000000008,4.0
2021-10-12,21:01:33.800,0,0,0.0,,0.0,0.00,0,0,6,1,-1016,0,-1024,-1024,-1,-1,-1,-1,-1,-1,0x0000000000000008,4.0
2021-10-12,21:01:35.300,0,0,0.0,,0.0,0.00,0,0,5,1,-1017,0,-1024,-1024,-1,-1,-1,-1,-1,-1,0x0000000000000008,4.0
2021-10-12,21:01:36.800,0,0,0.0,,0.0,0.00,0,0,7,0,-1018,0,-1024,-1024,-1,-1,-1,-1,-1,-1,0x0000000000000008,4.0
2021-10-12,21:01:38.310,0,0,0.0,,0.0,0.00,0,0,7,0,-1016,0,-1024,-1024,-1,-1,-1,-1,-1,-1,0x0000000000000008,4.0
2021-10-12,21:01:39.810,0,0,0.0,,0.0,0.00,0,0,6,0,-1017,2,-1024,-1024,-1,-1,-1,-1,-1,-1,0x0000000000000008,4.0
2021-10-12,21:01:41.310,0,0,0.0,,0.0,0.00,0,0,6,0,-1017,0,-1024,-1024,-1,-1,-1,-1,-1,-1,0x0000000000000008,4.0
2021-10-12,21:01:42.810,0,0,0.0,,0.0,0.00,0,0,6,0,-1016,1,-1024,-1024,-1,-1,-1,-1,-1,-1,0x0000000000000008,4.0
2021-10-12,21:01:44.310,0,0,0.0,,0.0,0.00,0,0,5,1,-1018,1,-315,-1024,-1,-1,-1,-1,-1,-1,0x0000000000000008,4.0
2021-10-12,21:01:45.810,0,0,0.0,,0.0,0.00,0,0,4,1,-1017,0,-1024,-1024,-1,-1,-1,-1,-1,-1,0x0000000000000008,4.0
2021-10-12,21:01:47.310,0,0,0.0,,0.0,0.00,0,0,7,3,-1017,0,-1024,-1024,-1,-1,-1,-1,-1,-1,0x0000000000000008,4.0
2021-10-12,21:01:48.820,0,0,0.0,,0.0,0.00,0,0,6,2,-1017,0,-1024,-1024,-1,-1,-1,-1,-1,-1,0x0000000000000008,4.0
2021-10-12,21:01:50.320,0,0,0.0,,0.0,0.00,0,0,6,1,-1016,0,-1024,-1024,-1,-1,-1,-1,-1,-1,0x0000000000000008,4.0
2021-10-12,21:01:51.820,0,0,0.0,,0.0,0.00,0,0,6,2,-1017,0,-1024,-1024,-1,-1,-1,-1,-1,-1,0x0000000000000008,4.0
2021-10-12,21:01:53.320,0,0,0.0,,0.0,0.00,0,0,6,1,-1016,1,-1024,-1024,-1,-1,-1,-1,-1,-1,0x0000000000000008,4.0
2021-10-12,21:01:54.820,0,0,0.0,,0.0,0.00,0,0,6,1,-1016,0,-1024,-1024,-1,-1,-1,-1,-1,-1,0x0000000000000008,4.0
2021-10-12,21:01:56.320,0,0,0.0,,0.0,0.00,0,0,6,0,-1017,0,-1024,-1024,-1,-1,-1,-1,-1,-1,0x0000000000000008,4.0
2021-10-12,21:01:57.820,0,0,0.0,,0.0,0.00,0,0,5,1,-1018,0,-1024,-1024,-1,-1,-1,-1,-1,-1,0x0000000000000008,4.0
2021-10-12,21:01:59.320,0,0,0.0,,0.0,0.00,0,0,7,1,-1016,1,-1024,-1024,-1,-1,-1,-1,-1,-1,0x0000000000000008,4.0
2021-10-12,21:02:00.820,0,0,0.0,,0.0,0.00,0,0,7,0,-1017,1,-350,-1024,-1,-1,-1,-1,-1,-1,0x0000000000000008,4.0
2021-10-12,21:02:02.320,0,0,0.0,,0.0,0.00,0,0,6,1,-1017,1,-1024,-1024,-1,-1,-1,-1,-1,-1,0x0000000000000008,4.0
2021-10-12,21:02:03.830,0,0,0.0,,0.0,0.00,0,0,6,1,-1016,2,-1024,-1024,-1,-1,-1,-1,-1,-1,0x0000000000000008,4.0
2021-10-12,21:02:05.330,0,0,0.0,,0.0,0.00,0,0,4,2,-1016,1,-1024,-1024,-1,-1,-1,-1,-1,-1,0x0000000000000008,4.0
2021-10-12,21:02:06.830,0,0,0.0,,0.0,0.00,0,0,6,1,-1017,0,-1024,-1024,-1,-1,-1,-1,-1,-1,0x0000000000000008,4.0
2021-10-12,21:02:08.330,0,0,0.0,,0.0,0.00,0,0,7,0,-1017,0,-1024,-1024,-1,-1,-1,-1,-1,-1,0x0000000000000008,4.0
2021-10-12,21:02:09.830,0,0,0.0,,0.0,0.00,0,0,7,1,-1016,0,-1024,-1024,-1,-1,-1,-1,-1,-1,0x0000000000000008,4.0
2021-10-12,21:02:11.330,0,0,0.0,,0.0,0.00,0,0,4,1,-1016,1,-1024,-1024,-1,-1,-1,-1,-1,-1,0x0000000000000008,4.0
2021-10-12,21:02:12.830,0,0,0.0,,0.0,0.00,0,0,7,2,-1017,0,-1024,-1024,-1,-1,-1,-1,-1,-1,0x0000000000000008,4.0
2021-10-12,21:02:14.330,0,0,0.0,,0.0,0.00,0,0,6,1,-1018,1,-1024,-1024,-1,-1,-1,-1,-1,-1,0x0000000000000008,4.0
2021-10-12,21:02:15.830,0,0,0.0,,0.0,0.00,0,0,8,0,-1017,1,-1024,-1024,-1,-1,-1,-1,-1,-1,0x0000000000000008,4.0
2021-10-12,21:02:17.330,0,0,0.0,,0.0,0.00,0,0,5,1,-1017,0,-1024,-1024,-1,-1,-1,-1,-1,-1,0x0000000000000008,4.0
2021-10-12,21:02:18.830,0,0,0.0,,0.0,0.00,0,0,4,-2,-1017,5,-1024,-1024,-1,-1,-1,-1,-1,-1,0x0000000000000008,4.0
2021-10-12,21:02:20.340,0,0,0.0,,0.0,0.00,0,0,12,-2,-1021,3,-1024,-1024,-1,-1,-1,-1,-1,-1,0x0000000000000008,4.0
2021-10-12,21:02:21.840,0,0,0.0,,0.0,0.00,0,0,13,-2,-1024,1,-1024,-1024,-1,-1,-1,-1,-1,-1,0x0000000000000008,4.0
2021-10-12,21:02:23.340,0,0,0.0,,0.0,0.00,0,0,12,-1,-1023,1,-1024,-1024,-1,-1,-1,-1,-1,-1,0x0000000000000008,4.0
2021-10-12,21:02:24.840,0,0,0.0,,0.0,0.00,0,0,12,-1,-1024,0,-1024,-1024,-1,-1,-1,-1,-1,-1,0x0000000000000008,4.0
2021-10-12,21:02:26.340,0,0,0.0,,0.0,0.00,0,0,11,-3,-1024,1,-1024,-1024,-1,-1,-1,-1,-1,-1,0x0000000000000008,4.0
2021-10-12,21:02:27.840,0,0,0.0,,0.0,0.00,0,0,10,-1,-1024,0,-1024,-1024,-1,-1,-1,-1,-1,-1,0x0000000000000008,4.0
2021-10-12,21:02:29.340,0,0,0.0,,0.0,0.00,0,0,12,-2,-1024,0,-1024,-1024,-1,-1,-1,-1,-1,-1,0x0000000000000008,4.0
2021-10-12,21:02:30.840,0,0,0.0,,0.0,0.00,0,0,11,-2,-1023,0,-1024,-1024,-1,-1,-1,-1,-1,-1,0x0000000000000008,4.0
2021-10-12,21:02:32.340,0,0,0.0,,0.0,0.00,0,0,12,-1,-1022,1,-1024,-1024,-1,-1,-1,-1,-1,-1,0x0000000000000008,4.0
2021-10-12,21:02:33.840,0,0,0.0,,0.0,0.00,0,0,12,-2,-1024,0,-1024,-1024,-1,-1,-1,-1,-1,-1,0x0000000000000008,4.0
2021-10-12,21:02:35.340,0,0,0.0,,0.0,0.00,0,0,12,-2,-1024,1,-1024,-1024,-1,-1,-1,-1,-1,-1,0x0000000000000008,4.0
2021-10-12,21:02:36.840,0,0,0.0,,0.0,0.00,0,0,12,-1,-1024,1,-1024,-1024,-1,-1,-1,-1,-1,-1,0x0000000000000008,4.0
2021-10-12,21:02:38.340,0,0,0.0,,0.0,0.00,0,0,12,-2,-1023,0,-1024,-1024,-1,-1,-1,-1,-1,-1,0x0000000000000008,4.0
2021-10-12,21:02:39.840,0,0,0.0,,0.0,0.00,0,0,11,-3,-1023,1,-1024,-1024,-1,-1,-1,-1,-1,-1,0x0000000000000008,4.0
2021-10-12,21:02:41.340,0,0,0.0,,0.0,0.00,0,0,12,-2,-1023,1,-1024,-1024,-1,-1,-1,-1,-1,-1,0x0000000000000008,4.0
2021-10-12,21:02:42.840,0,0,0.0,,0.0,0.00,0,0,12,-2,-1024,1,-1024,-1024,-1,-1,-1,-1,-1,-1,0x0000000000000008,4.0
2021-10-12,21:02:45.960,0,0,0.0,,0.0,0.00,0,0,10,-2,-1024,0,-1024,-1024,-1,-1,-1,-1,-1,-1,0x0000000000000008,4.0
2021-10-12,21:02:48.610,0,0,0.0,,0.0,0.00,0,0,11,-3,-1024,0,-1024,-1024,-1,-1,-1,-1,-1,-1,0x0000000000000008,4.0
2021-10-12,21:02:50.100,0,0,0.0,,0.0,0.00,0,0,13,-2,-1024,2,-1024,-1024,-1,-1,-1,-1,-1,-1,0x0000000000000008,4.0
2021-10-12,21:02:51.600,0,0,0.0,,0.0,0.00,0,0,10,-2,-1024,2,-1024,-1024,-1,-1,-1,-1,-1,-1,0x0000000000000008,4.0
2021-10-12,21:02:53.110,0,0,0.0,,0.0,0.00,0,0,10,-1,-1024,1,-1024,-1024,-1,-1,-1,-1,-1,-1,0x0000000000000008,4.0
2021-10-12,21:02:54.610,0,0,0.0,,0.0,0.00,0,0,12,-2,-1024,2,-1024,-1024,-1,-1,-1,-1,-1,-1,0x0000000000000008,4.0
2021-10-12,21:02:56.110,0,0,0.0,,0.0,0.00,0,0,11,-2,-1022,1,-1024,-1024,-1,-1,-1,-1,-1,-1,0x0000000000000008,4.0
2021-10-12,21:02:58.270,0,0,0.0,,0.0,0.00,0,0,10,-1,-1024,2,-1024,-1024,-1,-1,-1,-1,-1,-1,0x0000000000000008,4.0
2021-10-12,21:02:59.760,0,0,0.0,,0.0,0.00,0,0,11,-2,-1024,0,-1024,-1024,-1,-1,-1,-1,-1,-1,0x0000000000000008,4.0
2021-10-12,21:03:02.670,0,0,0.0,,0.0,0.00,0,0,11,-3,-1023,1,-1024,-1024,-1,-1,-1,-1,-1,-1,0x0000000000000008,4.0
2021-10-12,21:03:04.170,0,0,0.0,,0.0,0.00,0,0,12,-2,-1024,2,-381,-1024,-1,-1,-1,-1,-1,-1,0x0000000000000008,4.0
2021-10-12,21:03:05.670,0,0,0.0,,0.0,0.00,0,0,10,-2,-1023,2,-1024,-1024,-1,-1,-1,-1,-1,-1,0x0000000000000008,4.0
2021-10-12,21:03:07.170,0,0,0.0,,0.0,0.00,0,0,13,-2,-1024,0,-1024,-1024,-1,-1,-1,-1,-1,-1,0x0000000000000008,4.0
2021-10-12,21:03:08.670,0,0,0.0,,0.0,0.00,0,0,11,-3,-1023,0,-1024,-1024,-1,-1,-1,-1,-1,-1,0x0000000000000008,4.0
2021-10-12,21:03:10.170,0,0,0.0,,0.0,0.00,0,0,13,-1,-1024,0,-1024,-1024,-1,-1,-1,-1,-1,-1,0x0000000000000008,4.0
2021-10-12,21:03:11.690,0,0,0.0,,0.0,0.00,0,0,12,0,-1023,0,-1024,-1024,-1,-1,-1,-1,-1,-1,0x0000000000000008,4.0
2021-10-12,21:03:13.190,0,0,0.0,,0.0,0.00,0,0,11,0,-1024,0,-1024,-1024,-1,-1,-1,-1,-1,-1,0x0000000000000008,4.0
2021-10-12,21:03:14.690,0,0,0.0,,0.0,0.00,0,0,12,-1,-1023,1,-1024,-1024,-1,-1,-1,-1,-1,-1,0x0000000000000008,4.0
2021-10-12,21:03:16.190,0,0,0.0,,0.0,0.00,0,0,11,-1,-1023,0,-1024,-1024,-1,-1,-1,-1,-1,-1,0x0000000000000008,4.0
2021-10-12,21:03:17.690,0,0,0.0,,0.0,0.00,0,0,13,-3,-1024,1,-1024,-1024,-1,-1,-1,-1,-1,-1,0x0000000000000008,4.0
2021-10-12,21:03:19.190,0,0,0.0,,0.0,0.00,0,0,13,-1,-1024,0,-1024,-1024,-1,-1,-1,-1,-1,-1,0x0000000000000008,4.0
2021-10-12,21:03:20.690,0,0,0.0,,0.0,0.00,0,0,12,-1,-1022,0,-1024,-1024,-1,-1,-1,-1,-1,-1,0x0000000000000008,4.0
2021-10-12,21:03:22.190,0,0,0.0,,0.0,0.00,0,0,13,-1,-1024,0,-1024,-1024,-1,-1,-1,-1,-1,-1,0x0000000000000008,4.0
2021-10-12,21:03:23.700,0,0,0.0,,0.0,0.00,0,0,11,-2,-1024,0,-1024,-1024,-1,-1,-1,-1,-1,-1,0x0000000000000008,4.0
2021-10-12,21:03:25.200,0,0,0.0,,0.0,0.00,0,0,11,-1,-1024,0,-1024,-1024,-1,-1,-1,-1,-1,-1,0x0000000000000008,4.0
2021-10-12,21:03:26.700,0,0,0.0,,0.0,0.00,0,0,12,-2,-1023,1,-1024,-1024,-1,-1,-1,-1,-1,-1,0x0000000000000008,4.0
2021-10-12,21:03:28.200,0,0,0.0,,0.0,0.00,0,0,11,-3,-1024,0,-1024,-1024,-1,-1,-1,-1,-1,-1,0x0000000000000008,4.0
2021-10-12,21:03:29.700,0,0,0.0,,0.0,0.00,0,0,11,-2,-1023,0,-1024,-1024,-1,-1,-1,-1,-1,-1,0x0000000000000008,4.0
2021-10-12,21:03:31.200,0,0,0.0,,0.0,0.00,0,0,12,-3,-1024,1,-1024,-1024,-1,-1,-1,-1,-1,-1,0x0000000000000008,4.0
2021-10-12,21:03:32.700,0,0,0.0,,0.0,0.00,0,0,11,-1,-1024,1,-1024,-1024,-1,-1,-1,-1,-1,-1,0x0000000000000008,4.0
2021-10-12,21:03:34.200,0,0,0.0,,0.0,0.00,0,0,11,-3,-1024,0,-1024,-1024,-1,-1,-1,-1,-1,-1,0x0000000000000008,4.0
2021-10-12,21:03:35.700,0,0,0.0,,0.0,0.00,0,0,12,-5,-1024,2,-1024,-1024,-1,-1,-1,-1,-1,-1,0x0000000000000008,4.0
2021-10-12,21:03:37.200,0,0,0.0,,0.0,0.00,0,0,10,-3,-1024,2,-350,-1024,-1,-1,-1,-1,-1,-1,0x0000000000000008,4.0
2021-10-12,21:03:38.700,0,0,0.0,,0.0,0.00,0,0,12,-2,-1022,1,-1024,-1024,-1,-1,-1,-1,-1,-1,0x0000000000000008,4.0
2021-10-12,21:03:40.200,0,0,0.0,,0.0,0.00,0,0,11,-3,-1024,1,-1024,-1024,-1,-1,-1,-1,-1,-1,0x0000000000000008,4.0
2021-10-12,21:03:41.700,0,0,0.0,,0.0,0.00,0,0,12,-3,-1024,1,-1024,-1024,-1,-1,-1,-1,-1,-1,0x0000000000000008,4.0
2021-10-12,21:03:43.210,0,0,0.0,,0.0,0.00,0,0,13,-3,-1022,1,-1024,-1024,-1,-1,-1,-1,-1,-1,0x0000000000000008,4.0
2021-10-12,21:03:44.710,0,0,0.0,,0.0,0.00,0,0,10,-3,-1024,0,-1024,-1024,-1,-1,-1,-1,-1,-1,0x0000000000000008,4.0
2021-10-12,21:03:46.210,0,0,0.0,,0.0,0.00,0,0,12,-3,-1024,1,-1024,-1024,-1,-1,-1,-1,-1,-1,0x0000000000000008,4.0
2021-10-12,21:03:47.710,0,0,0.0,,0.0,0.00,0,0,11,-4,-1024,1,-1024,-1024,-1,-1,-1,-1,-1,-1,0x0000000000000008,4.0
2021-10-12,21:03:49.210,0,0,0.0,,0.0,0.00,0,0,12,-3,-1024,0,-1024,-1024,-1,-1,-1,-1,-1,-1,0x0000000000000008,4.0
2021-10-12,21:03:50.710,0,0,0.0,,0.0,0.00,0,0,13,-3,-1024,0,-296,-1024,-1,-1,-1,-1,-1,-1,0x0000000000000008,4.0
2021-10-12,21:03:52.210,0,0,0.0,,0.0,0.00,0,0,11,-4,-1024,0,-300,-1024,-1,-1,-1,-1,-1,-1,0x0000000000000008,4.0
2021-10-12,21:03:53.710,0,0,0.0,,0.0,0.00,0,0,13,-3,-1024,0,-1024,-1024,-1,-1,-1,-1,-1,-1,0x0000000000000008,4.0
2021-10-12,21:03:55.220,0,0,0.0,,0.0,0.00,0,0,12,-3,-1024,0,-1024,-1024,-1,-1,-1,-1,-1,-1,0x0000000000000008,4.0
2021-10-12,21:03:56.720,0,0,0.0,,0.0,0.00,0,0,11,-4,-1024,1,-1024,-1024,-1,-1,-1,-1,-1,-1,0x0000000000000008,4.0
2021-10-12,21:03:58.220,0,0,0.0,,0.0,0.00,0,0,12,-2,-1024,0,-1024,-1024,-1,-1,-1,-1,-1,-1,0x0000000000000008,4.0
2021-10-12,21:03:59.720,0,0,0.0,,0.0,0.00,0,0,14,-3,-1023,2,-1024,-1024,-1,-1,-1,-1,-1,-1,0x0000000000000008,4.0
2021-10-12,21:04:01.220,0,0,0.0,,0.0,0.00,0,0,11,-3,-1024,1,-1024,-1024,-1,-1,-1,-1,-1,-1,0x0000000000000008,4.0
2021-10-12,21:04:02.720,0,0,0.0,,0.0,0.00,0,0,12,-3,-1024,1,-1024,-1024,-1,-1,-1,-1,-1,-1,0x0000000000000008,4.0
2021-10-12,21:04:04.220,0,0,0.0,,0.0,0.00,0,0,13,-3,-1024,1,-1024,-1024,-1,-1,-1,-1,-1,-1,0x0000000000000008,4.0
2021-10-12,21:04:05.720,0,0,0.0,,0.0,0.00,0,0,12,-3,-1024,0,-1024,-1024,-1,-1,-1,-1,-1,-1,0x0000000000000008,4.0
2021-10-12,21:04:07.220,0,0,0.0,,0.0,0.00,0,0,13,-3,-1024,1,-1024,-1024,-1,-1,-1,-1,-1,-1,0x0000000000000008,4.0
2021-10-12,21:04:08.720,0,0,0.0,,0.0,0.00,0,0,12,-3,-1024,0,-1024,-1024,-1,-1,-1,-1,-1,-1,0x0000000000000008,4.0
2021-10-12,21:04:10.220,0,0,0.0,,0.0,0.00,0,0,12,-2,-1024,1,-1024,-1024,-1,-1,-1,-1,-1,-1,0x0000000000000008,4.0
2021-10-12,21:04:11.730,0,0,0.0,,0.0,0.00,0,0,11,-3,-1024,1,-1024,-1024,-1,-1,-1,-1,-1,-1,0x0000000000000008,4.0
2021-10-12,21:04:13.230,0,0,0.0,,0.0,0.00,0,0,10,-3,-1024,0,-1024,-1024,-1,-1,-1,-1,-1,-1,0x0000000000000008,4.0
2021-10-12,21:04:14.730,0,0,0.0,,0.0,0.00,0,0,11,-3,-1024,0,-1024,-1024,-1,-1,-1,-1,-1,-1,0x0000000000000008,4.0
2021-10-12,21:04:16.230,0,0,0.0,,0.0,0.00,0,0,13,-3,-1024,1,-1024,-1024,-1,-1,-1,-1,-1,-1,0x0000000000000008,4.0
2021-10-12,21:04:17.730,0,0,0.0,,0.0,0.00,0,0,13,-3,-1024,0,-1024,-1024,-1,-1,-1,-1,-1,-1,0x0000000000000008,4.0
2021-10-12,21:04:19.230,0,0,0.0,,0.0,0.00,0,0,11,-3,-1024,2,-1024,-1024,-1,-1,-1,-1,-1,-1,0x0000000000000008,4.0
2021-10-12,21:04:20.730,0,0,0.0,,0.0,0.00,0,0,12,-3,-1024,1,-1024,-1024,-1,-1,-1,-1,-1,-1,0x0000000000000008,4.0
2021-10-12,21:04:22.230,0,0,0.0,,0.0,0.00,0,0,13,-3,-1024,0,-793,-1024,-1,-1,-1,-1,-1,-1,0x0000000000000008,4.0
2021-10-12,21:04:23.740,0,0,0.0,,0.0,0.00,0,0,14,-4,-1024,0,-1024,-1024,-1,-1,-1,-1,-1,-1,0x0000000000000008,4.0
2021-10-12,21:04:25.240,0,0,0.0,,0.0,0.00,0,0,13,-3,-1023,0,-1024,-1024,-1,-1,-1,-1,-1,-1,0x0000000000000008,4.0
2021-10-12,21:04:26.740,0,0,0.0,,0.0,0.00,0,0,12,-4,-1024,2,-1024,-1024,-1,-1,-1,-1,-1,-1,0x0000000000000008,4.0
2021-10-12,21:04:28.240,0,0,0.0,,0.0,0.00,0,0,12,-4,-1024,0,-1024,-1024,-1,-1,-1,-1,-1,-1,0x0000000000000008,4.0
2021-10-12,21:04:29.740,0,0,0.0,,0.0,0.00,0,0,13,-3,-1024,2,-1024,-1024,-1,-1,-1,-1,-1,-1,0x0000000000000008,4.0
2021-10-12,21:04:31.240,0,0,0.0,,0.0,0.00,0,0,13,-3,-1024,1,-1024,-1024,-1,-1,-1,-1,-1,-1,0x0000000000000008,4.0
2021-10-12,21:04:32.740,0,0,0.0,,0.0,0.00,0,0,13,-4,-1024,0,-1024,-1024,-1,-1,-1,-1,-1,-1,0x0000000000000008,4.0
2021-10-12,21:04:34.240,0,0,0.0,,0.0,0.00,0,0,14,-2,-1024,0,-1024,-1024,-1,-1,-1,-1,-1,-1,0x0000000000000008,4.0
2021-10-12,21:04:35.740,0,0,0.0,,0.0,0.00,0,0,12,-5,-1024,0,-1024,-1024,-1,-1,-1,-1,-1,-1,0x0000000000000008,4.0
2021-10-12,21:04:37.240,0,0,0.0,,0.0,0.00,0,0,12,-3,-1024,0,-1024,-1024,-1,-1,-1,-1,-1,-1,0x0000000000000008,4.0
2021-10-12,21:04:38.740,0,0,0.0,,0.0,0.00,0,0,13,-3,-1024,0,-1024,-1024,-1,-1,-1,-1,-1,-1,0x0000000000000008,4.0
2021-10-12,21:04:40.240,0,0,0.0,,0.0,0.00,0,0,13,-4,-1024,0,-1024,-1024,-1,-1,-1,-1,-1,-1,0x0000000000000008,4.0
2021-10-12,21:04:41.740,0,0,0.0,,0.0,0.00,0,0,13,-5,-1024,0,-1024,-1024,-1,-1,-1,-1,-1,-1,0x0000000000000008,4.0
2021-10-12,21:04:43.240,0,0,0.0,,0.0,0.00,0,0,11,-3,-1024,0,-1024,-1024,-1,-1,-1,-1,-1,-1,0x0000000000000008,4.0
2021-10-12,21:04:44.750,0,0,0.0,,0.0,0.00,0,0,11,-4,-1024,2,-1024,-1024,-1,-1,-1,-1,-1,-1,0x0000000000000008,4.0
2021-10-12,21:04:46.250,0,0,0.0,,0.0,0.00,0,0,12,-4,-1024,1,-1024,-1024,-1,-1,-1,-1,-1,-1,0x0000000000000008,4.0
2021-10-12,21:04:47.750,0,0,0.0,,0.0,0.00,0,0,12,-4,-1024,1,-1024,-1024,-1,-1,-1,-1,-1,-1,0x0000000000000008,4.0
2021-10-12,21:04:49.250,0,0,0.0,,0.0,0.00,0,0,11,-4,-1024,0,-1024,-1024,-1,-1,-1,-1,-1,-1,0x0000000000000008,4.0
2021-10-12,21:04:50.750,0,0,0.0,,0.0,0.00,0,0,13,-3,-1024,0,-1024,-1024,-1,-1,-1,-1,-1,-1,0x0000000000000008,4.0
2021-10-12,21:04:52.250,0,0,0.0,,0.0,0.00,0,0,13,-4,-1024,0,-1024,-1024,-1,-1,-1,-1,-1,-1,0x0000000000000008,4.0
2021-10-12,21:04:53.750,0,0,0.0,,0.0,0.00,0,0,12,-4,-1024,0,-1024,-1024,-1,-1,-1,-1,-1,-1,0x0000000000000008,4.0
2021-10-12,21:04:55.250,0,0,0.0,,0.0,0.00,0,0,11,-4,-1024,0,-320,-1024,-1,-1,-1,-1,-1,-1,0x0000000000000008,4.0
2021-10-12,21:04:56.750,0,0,0.0,,0.0,0.00,0,0,14,-5,-1024,0,-1024,-1024,-1,-1,-1,-1,-1,-1,0x0000000000000008,4.0
2021-10-12,21:04:58.260,0,0,0.0,,0.0,0.00,0,0,13,-3,-1024,1,-1024,-1024,-1,-1,-1,-1,-1,-1,0x0000000000000008,4.0
2021-10-12,21:04:59.760,0,0,0.0,,0.0,0.00,0,0,12,-4,-1024,0,-1024,-1024,-1,-1,-1,-1,-1,-1,0x0000000000000008,4.0
2021-10-12,21:05:01.260,0,0,0.0,,0.0,0.00,0,0,12,-2,-1024,0,-1024,-1024,-1,-1,-1,-1,-1,-1,0x0000000000000008,4.0
2021-10-12,21:05:02.760,0,0,0.0,,0.0,0.00,0,0,13,-4,-1024,1,-1024,-1024,-1,-1,-1,-1,-1,-1,0x0000000000000008,4.0
2021-10-12,21:05:04.260,0,0,0.0,,0.0,0.00,0,0,12,-3,-1024,0,-1024,-1024,-1,-1,-1,-1,-1,-1,0x0000000000000008,4.0
2021-10-12,21:05:05.760,0,0,0.0,,0.0,0.00,0,0,14,-4,-1024,1,-1024,-1024,-1,-1,-1,-1,-1,-1,0x0000000000000008,4.0
2021-10-12,21:05:07.260,0,0,0.0,,0.0,0.00,0,0,13,-3,-1024,1,-1024,-1024,-1,-1,-1,-1,-1,-1,0x0000000000000008,4.0
2021-10-12,21:05:08.760,0,0,0.0,,0.0,0.00,0,0,14,-4,-1024,0,-1024,-1024,-1,-1,-1,-1,-1,-1,0x0000000000000008,4.0
2021-10-12,21:05:10.260,0,0,0.0,,0.0,0.00,0,0,11,-4,-1024,1,-1024,-1024,-1,-1,-1,-1,-1,-1,0x0000000000000008,4.0
2021-10-12,21:05:11.760,0,0,0.0,,0.0,0.00,0,0,11,-5,-1024,1,-1024,-1024,-1,-1,-1,-1,-1,-1,0x0000000000000008,4.0
2021-10-12,21:05:13.260,0,0,0.0,,0.0,0.00,0,0,11,-4,-1024,0,-1024,-1024,-1,-1,-1,-1,-1,-1,0x0000000000000008,4.0
2021-10-12,21:05:14.770,0,0,0.0,,0.0,0.00,0,0,11,-5,-1024,0,-1024,-1024,-1,-1,-1,-1,-1,-1,0x0000000000000008,4.0
2021-10-12,21:05:16.300,0,0,0.0,,0.0,0.00,0,0,11,-3,-1024,0,-1024,-1024,-1,-1,-1,-1,-1,-1,0x0000000000000008,4.0
2021-10-12,21:05:17.800,0,0,0.0,,0.0,0.00,0,0,13,-3,-1024,1,-1024,-1024,-1,-1,-1,-1,-1,-1,0x0000000000000008,4.0
2021-10-12,21:05:19.300,0,0,0.0,,0.0,0.00,0,0,13,-4,-1024,0,-1024,-1024,-1,-1,-1,-1,-1,-1,0x0000000000000008,4.0
2021-10-12,21:05:20.800,0,0,0.0,,0.0,0.00,0,0,13,-3,-1024,0,-1024,-1024,-1,-1,-1,-1,-1,-1,0x0000000000000008,4.0
2021-10-12,21:05:22.300,0,0,0.0,,0.0,0.00,0,0,13,-4,-1024,0,-1024,-1024,-1,-1,-1,-1,-1,-1,0x0000000000000008,4.0
2021-10-12,21:05:23.810,0,0,0.0,,0.0,0.00,0,0,13,-5,-1023,1,-1024,-1024,-1,-1,-1,-1,-1,-1,0x0000000000000008,4.0
2021-10-12,21:05:25.310,0,0,0.0,,0.0,0.00,0,0,12,-6,-1024,0,-1024,-1024,-1,-1,-1,-1,-1,-1,0x0000000000000008,4.0
2021-10-12,21:05:26.810,0,0,0.0,,0.0,0.00,0,0,11,-5,-1024,0,-302,-1024,-1,-1,-1,-1,-1,-1,0x0000000000000008,4.0
2021-10-12,21:05:28.310,0,0,0.0,,0.0,0.00,0,0,13,-4,-1024,0,-1024,-1024,-1,-1,-1,-1,-1,-1,0x0000000000000008,4.0
2021-10-12,21:05:29.810,0,0,0.0,,0.0,0.00,0,0,13,-5,-1024,1,-1024,-1024,-1,-1,-1,-1,-1,-1,0x0000000000000008,4.0
2021-10-12,21:05:31.310,0,0,0.0,,0.0,0.00,0,0,14,-4,-1024,1,-1024,-1024,-1,-1,-1,-1,-1,-1,0x0000000000000008,4.0
2021-10-12,21:05:32.810,0,0,0.0,,0.0,0.00,0,0,11,-5,-1024,0,-1024,-1024,-1,-1,-1,-1,-1,-1,0x0000000000000008,4.0
2021-10-12,21:05:34.310,0,0,0.0,,0.0,0.00,0,0,14,-4,-1024,0,-1024,-1024,-1,-1,-1,-1,-1,-1,0x0000000000000008,4.0
2021-10-12,21:05:35.810,0,0,0.0,,0.0,0.00,0,0,13,-5,-1024,0,-1024,-1024,-1,-1,-1,-1,-1,-1,0x0000000000000008,4.0
2021-10-12,21:05:37.310,0,0,0.0,,0.0,0.00,0,0,13,-4,-1024,0,-1024,-1024,-1,-1,-1,-1,-1,-1,0x0000000000000008,4.0
2021-10-12,21:05:38.810,0,0,0.0,,0.0,0.00,0,0,13,-4,-1024,0,-1024,-1024,-1,-1,-1,-1,-1,-1,0x0000000000000008,4.0
2021-10-12,21:05:40.310,0,0,0.0,,0.0,0.00,0,0,14,-4,-1024,0,-1024,-1024,-1,-1,-1,-1,-1,-1,0x0000000000000008,4.0
2021-10-12,21:05:41.820,0,0,0.0,,0.0,0.00,0,0,13,-4,-1024,0,-1024,-1024,-1,-1,-1,-1,-1,-1,0x0000000000000008,4.0
2021-10-12,21:05:43.320,0,0,0.0,,0.0,0.00,0,0,13,-5,-1024,0,-1024,-1024,-1,-1,-1,-1,-1,-1,0x0000000000000008,4.0
2021-10-12,21:05:44.820,0,0,0.0,,0.0,0.00,0,0,13,-5,-1024,0,-1024,-1024,-1,-1,-1,-1,-1,-1,0x0000000000000008,4.0
2021-10-12,21:05:46.320,0,0,0.0,,0.0,0.00,0,0,13,-4,-1024,0,-1024,-1024,-1,-1,-1,-1,-1,-1,0x0000000000000008,4.0
2021-10-12,21:05:47.820,0,0,0.0,,0.0,0.00,0,0,12,-5,-1024,1,-1024,-1024,-1,-1,-1,-1,-1,-1,0x0000000000000008,4.0
2021-10-12,21:05:49.320,0,0,0.0,,0.0,0.00,0,0,12,-4,-1024,0,-1024,-1024,-1,-1,-1,-1,-1,-1,0x0000000000000008,4.0
2021-10-12,21:05:50.820,0,0,0.0,,0.0,0.00,0,0,10,-5,-1024,1,-1024,-1024,-1,-1,-1,-1,-1,-1,0x0000000000000008,4.0
2021-10-12,21:05:52.320,0,0,0.0,,0.0,0.00,0,0,9,-6,-1022,3,-1024,-1024,-1,-1,-1,-1,-1,-1,0x0000000000000008,4.0
2021-10-12,21:05:53.820,0,0,0.0,,0.0,0.00,0,0,9,0,-1016,-2,-1024,-1024,-1,-1,-1,-1,-1,-1,0x0000000000000008,4.0
2021-10-12,21:05:55.320,0,0,0.0,,0.0,0.00,0,0,11,-1,-1018,-1,-1024,-1024,-1,-1,-1,-1,-1,-1,0x0000000000000008,4.0
2021-10-12,21:05:56.820,0,0,0.0,,0.0,0.00,0,0,9,-1,-1018,-1,-1024,-1024,-1,-1,-1,-1,-1,-1,0x0000000000000008,4.0
2021-10-12,21:05:58.330,0,0,0.0,,0.0,0.00,0,0,8,0,-1019,-1,-1024,-1024,-1,-1,-1,-1,-1,-1,0x0000000000000008,4.0
2021-10-12,21:05:59.830,0,0,0.0,,0.0,0.00,0,0,8,0,-1016,-1,-1024,-1024,-1,-1,-1,-1,-1,-1,0x0000000000000008,4.0
2021-10-12,21:06:01.330,0,0,0.0,,0.0,0.00,0,0,8,-1,-1017,-1,-313,-1024,-1,-1,-1,-1,-1,-1,0x0000000000000008,4.0
2021-10-12,21:06:02.830,0,0,0.0,,0.0,0.00,0,0,9,0,-1017,-1,-1024,-1024,-1,-1,-1,-1,-1,-1,0x0000000000000008,4.0
2021-10-12,21:06:04.330,0,0,0.0,,0.0,0.00,0,0,9,0,-1018,-2,-1024,-1024,-1,-1,-1,-1,-1,-1,0x0000000000000008,4.0
2021-10-12,21:06:05.830,0,0,0.0,,0.0,0.00,0,0,9,0,-1019,0,-1024,-1024,-1,-1,-1,-1,-1,-1,0x0000000000000008,4.0
2021-10-12,21:06:07.330,0,0,0.0,,0.0,0.00,0,0,8,-1,-1017,-2,-1024,-1024,-1,-1,-1,-1,-1,-1,0x0000000000000008,4.0
2021-10-12,21:06:08.830,0,0,0.0,,0.0,0.00,0,0,8,0,-1018,0,-1024,-1024,-1,-1,-1,-1,-1,-1,0x0000000000000008,4.0
2021-10-12,21:06:10.330,0,0,0.0,,0.0,0.00,0,0,9,0,-1017,-1,-1024,-1024,-1,-1,-1,-1,-1,-1,0x0000000000000008,4.0
2021-10-12,21:06:11.830,0,0,0.0,,0.0,0.00,0,0,8,-1,-1019,-1,-1024,-1024,-1,-1,-1,-1,-1,-1,0x0000000000000008,4.0
2021-10-12,21:06:13.330,0,0,0.0,,0.0,0.00,0,0,7,0,-1016,-1,-1024,-1024,-1,-1,-1,-1,-1,-1,0x0000000000000008,4.0
2021-10-12,21:06:14.830,0,0,0.0,,0.0,0.00,0,0,7,0,-1017,-2,-1024,-1024,-1,-1,-1,-1,-1,-1,0x0000000000000008,4.0
2021-10-12,21:06:16.340,0,0,0.0,,0.0,0.00,0,0,7,0,-1017,-1,-1024,-1024,-1,-1,-1,-1,-1,-1,0x0000000000000008,4.0
2021-10-12,21:06:17.840,0,0,0.0,,0.0,0.00,0,0,10,0,-1017,0,-1024,-1024,-1,-1,-1,-1,-1,-1,0x0000000000000008,4.0
2021-10-12,21:06:19.340,0,0,0.0,,0.0,0.00,0,0,8,0,-1018,0,-1024,-1024,-1,-1,-1,-1,-1,-1,0x0000000000000008,4.0
2021-10-12,21:06:20.840,0,0,0.0,,0.0,0.00,0,0,7,0,-1016,0,-1024,-1024,-1,-1,-1,-1,-1,-1,0x0000000000000008,4.0
2021-10-12,21:06:22.340,0,0,0.0,,0.0,0.00,0,0,7,0,-1018,-2,-1024,-1024,-1,-1,-1,-1,-1,-1,0x0000000000000008,4.0
2021-10-12,21:06:23.840,0,0,0.0,,0.0,0.00,0,0,9,-1,-1019,-2,-1024,-1024,-1,-1,-1,-1,-1,-1,0x0000000000000008,4.0
2021-10-12,21:06:25.340,0,0,0.0,,0.0,0.00,0,0,7,0,-1017,0,-1024,-1024,-1,-1,-1,-1,-1,-1,0x0000000000000008,4.0
2021-10-12,21:06:26.840,0,0,0.0,,0.0,0.00,0,0,7,0,-1018,-1,-1024,-1024,-1,-1,-1,-1,-1,-1,0x0000000000000008,4.0
2021-10-12,21:06:28.340,0,0,0.0,,0.0,0.00,0,0,7,-1,-1017,-1,-1024,-1024,-1,-1,-1,-1,-1,-1,0x0000000000000008,4.0
2021-10-12,21:06:29.840,0,0,0.0,,0.0,0.00,0,0,7,0,-1018,-1,-1024,-1024,-1,-1,-1,-1,-1,-1,0x0000000000000008,4.0
2021-10-12,21:06:31.340,0,0,0.0,,0.0,0.00,0,0,9,-1,-1015,-1,-1024,-1024,-1,-1,-1,-1,-1,-1,0x0000000000000008,4.0
2021-10-12,21:06:32.840,0,0,0.0,,0.0,0.00,0,0,9,-1,-1018,-1,-1024,-1024,-1,-1,-1,-1,-1,-1,0x0000000000000008,4.0
2021-10-12,21:06:34.340,0,0,0.0,,0.0,0.00,0,0,6,0,-1017,0,-1024,-1024,-1,-1,-1,-1,-1,-1,0x0000000000000008,4.0
2021-10-12,21:06:35.840,0,0,0.0,,0.0,0.00,0,0,9,-1,-1016,-1,-1024,-1024,-1,-1,-1,-1,-1,-1,0x0000000000000008,4.0
2021-10-12,21:06:37.340,0,0,0.0,,0.0,0.00,0,0,7,0,-1017,-1,-1024,-1024,-1,-1,-1,-1,-1,-1,0x0000000000000008,4.0
2021-10-12,21:06:38.840,0,0,0.0,,0.0,0.00,0,0,7,0,-1016,-1,-1024,-1024,-1,-1,-1,-1,-1,-1,0x0000000000000008,4.0
2021-10-12,21:06:40.350,0,0,0.0,,0.0,0.00,0,0,7,-1,-1017,0,-1024,-1024,-1,-1,-1,-1,-1,-1,0x0000000000000008,4.0
2021-10-12,21:06:41.850,0,0,0.0,,0.0,0.00,0,0,6,0,-1017,-1,-1024,-1024,-1,-1,-1,-1,-1,-1,0x0000000000000008,4.0
2021-10-12,21:06:43.350,0,0,0.0,,0.0,0.00,0,0,7,-1,-1018,0,-1024,-1024,-1,-1,-1,-1,-1,-1,0x0000000000000008,4.0
2021-10-12,21:06:44.850,0,0,0.0,,0.0,0.00,0,0,7,-1,-1016,0,-1024,-1024,-1,-1,-1,-1,-1,-1,0x0000000000000008,4.0
2021-10-12,21:06:46.350,0,0,0.0,,0.0,0.00,0,0,8,0,-1017,-1,-1024,-1024,-1,-1,-1,-1,-1,-1,0x0000000000000008,4.0
2021-10-12,21:06:47.850,0,0,0.0,,0.0,0.00,0,0,9,0,-1018,0,-1024,-1024,-1,-1,-1,-1,-1,-1,0x0000000000000008,4.0
2021-10-12,21:06:49.350,0,0,0.0,,0.0,0.00,0,0,7,0,-1018,0,-1024,-1024,-1,-1,-1,-1,-1,-1,0x0000000000000008,4.0
2021-10-12,21:06:50.850,0,0,0.0,,0.0,0.00,0,0,8,-1,-1016,-1,-1024,-1024,-1,-1,-1,-1,-1,-1,0x0000000000000008,4.0
2021-10-12,21:06:52.350,0,0,0.0,,0.0,0.00,0,0,7,0,-1014,-1,-1024,-1024,-1,-1,-1,-1,-1,-1,0x0000000000000008,4.0
2021-10-12,21:06:53.850,0,0,0.0,,0.0,0.00,0,0,6,0,-1016,0,-1024,-1024,-1,-1,-1,-1,-1,-1,0x0000000000000008,4.0
2021-10-12,21:06:55.350,0,0,0.0,,0.0,0.00,0,0,8,0,-1016,0,-1024,-1024,-1,-1,-1,-1,-1,-1,0x0000000000000008,4.0
2021-10-12,21:06:56.850,0,0,0.0,,0.0,0.00,0,0,8,0,-1017,-1,-1024,-1024,-1,-1,-1,-1,-1,-1,0x0000000000000008,4.0
2021-10-12,21:06:58.350,0,0,0.0,,0.0,0.00,0,0,9,0,-1016,0,-1024,-1024,-1,-1,-1,-1,-1,-1,0x0000000000000008,4.0
2021-10-12,21:06:59.850,0,0,0.0,,0.0,0.00,0,0,8,0,-1017,0,-1024,-1024,-1,-1,-1,-1,-1,-1,0x0000000000000008,4.0
2021-10-12,21:07:01.350,0,0,0.0,,0.0,0.00,0,0,8,0,-1017,0,-1024,-1024,-1,-1,-1,-1,-1,-1,0x0000000000000008,4.0
2021-10-12,21:07:02.850,0,0,0.0,,0.0,0.00,0,0,5,0,-1018,-1,-1024,-1024,-1,-1,-1,-1,-1,-1,0x0000000000000008,4.0
2021-10-12,21:07:04.350,0,0,0.0,,0.0,0.00,0,0,5,0,-1017,0,-1024,-1024,-1,-1,-1,-1,-1,-1,0x0000000000000008,4.0
2021-10-12,21:07:05.860,0,0,0.0,,0.0,0.00,0,0,6,0,-1016,0,-1024,-1024,-1,-1,-1,-1,-1,-1,0x0000000000000008,4.0
2021-10-12,21:07:07.360,0,0,0.0,,0.0,0.00,0,0,7,0,-1017,-1,-1024,-1024,-1,-1,-1,-1,-1,-1,0x0000000000000008,4.0
2021-10-12,21:07:08.860,0,0,0.0,,0.0,0.00,0,0,7,0,-1018,0,-1024,-1024,-1,-1,-1,-1,-1,-1,0x0000000000000008,4.0
2021-10-12,21:07:10.360,0,0,0.0,,0.0,0.00,0,0,7,0,-1016,0,-1024,-1024,-1,-1,-1,-1,-1,-1,0x0000000000000008,4.0
2021-10-12,21:07:11.860,0,0,0.0,,0.0,0.00,0,0,8,0,-1017,0,-1024,-1024,-1,-1,-1,-1,-1,-1,0x0000000000000008,4.0
2021-10-12,21:07:13.360,0,0,0.0,,0.0,0.00,0,0,5,0,-1016,-1,-1024,-1024,-1,-1,-1,-1,-1,-1,0x0000000000000008,4.0
2021-10-12,21:07:14.860,0,0,0.0,,0.0,0.00,0,0,7,0,-1016,-1,-1024,-1024,-1,-1,-1,-1,-1,-1,0x0000000000000008,4.0
2021-10-12,21:07:16.360,0,0,0.0,,0.0,0.00,0,0,6,0,-1015,0,-1024,-1024,-1,-1,-1,-1,-1,-1,0x0000000000000008,4.0
2021-10-12,21:07:17.860,0,0,0.0,,0.0,0.00,0,0,7,0,-1018,-1,-1024,-1024,-1,-1,-1,-1,-1,-1,0x0000000000000008,4.0
2021-10-12,21:07:19.360,0,0,0.0,,0.0,0.00,0,0,7,0,-1016,0,-1024,-1024,-1,-1,-1,-1,-1,-1,0x0000000000000008,4.0
2021-10-12,21:07:20.860,0,0,0.0,,0.0,0.00,0,0,5,0,-1015,0,-317,-1024,-1,-1,-1,-1,-1,-1,0x0000000000000008,4.0
2021-10-12,21:07:22.360,0,0,0.0,,0.0,0.00,0,0,4,0,-1018,-1,-1024,-1024,-1,-1,-1,-1,-1,-1,0x0000000000000008,4.0
2021-10-12,21:07:23.860,0,0,0.0,,0.0,0.00,0,0,7,0,-1018,0,-1024,-1024,-1,-1,-1,-1,-1,-1,0x0000000000000008,4.0
2021-10-12,21:07:25.360,0,0,0.0,,0.0,0.00,0,0,7,0,-1016,0,-1024,-1024,-1,-1,-1,-1,-1,-1,0x0000000000000008,4.0
2021-10-12,21:07:26.860,0,0,0.0,,0.0,0.00,0,0,8,0,-1017,0,-1024,-1024,-1,-1,-1,-1,-1,-1,0x0000000000000008,4.0
2021-10-12,21:07:28.360,0,0,0.0,,0.0,0.00,0,0,7,0,-1017,0,-1024,-1024,-1,-1,-1,-1,-1,-1,0x0000000000000008,4.0
2021-10-12,21:07:29.860,0,0,0.0,,0.0,0.00,0,0,6,0,-1016,-1,-1024,-1024,-1,-1,-1,-1,-1,-1,0x0000000000000008,4.0
2021-10-12,21:07:31.370,0,0,0.0,,0.0,0.00,0,0,6,0,-1018,0,-1024,-1024,-1,-1,-1,-1,-1,-1,0x0000000000000008,4.0
2021-10-12,21:07:32.870,0,0,0.0,,0.0,0.00,0,0,7,-1,-1018,-1,-1024,-1024,-1,-1,-1,-1,-1,-1,0x0000000000000008,4.0
2021-10-12,21:07:34.370,0,0,0.0,,0.0,0.00,0,0,5,0,-1016,-1,-1024,-1024,-1,-1,-1,-1,-1,-1,0x0000000000000008,4.0
2021-10-12,21:07:35.870,0,0,0.0,,0.0,0.00,0,0,7,0,-1018,0,-339,-1024,-1,-1,-1,-1,-1,-1,0x0000000000000008,4.0
2021-10-12,21:07:37.370,0,0,0.0,,0.0,0.00,0,0,6,1,-1017,0,-1024,-1024,-1,-1,-1,-1,-1,-1,0x0000000000000008,4.0
2021-10-12,21:07:38.870,0,0,0.0,,0.0,0.00,0,0,7,0,-1020,0,-1024,-1024,-1,-1,-1,-1,-1,-1,0x0000000000000008,4.0
2021-10-12,21:07:40.370,0,0,0.0,,0.0,0.00,0,0,9,0,-1019,0,-1024,-1024,-1,-1,-1,-1,-1,-1,0x0000000000000008,4.0
2021-10-12,21:07:41.870,0,0,0.0,,0.0,0.00,0,0,6,0,-1016,-1,-1024,-1024,-1,-1,-1,-1,-1,-1,0x0000000000000008,4.0
2021-10-12,21:07:43.380,0,0,0.0,,0.0,0.00,0,0,6,0,-1013,0,-1024,-1024,-1,-1,-1,-1,-1,-1,0x0000000000000008,4.0
2021-10-12,21:07:44.880,0,0,0.0,,0.0,0.00,0,0,7,0,-1019,0,-1024,-1024,-1,-1,-1,-1,-1,-1,0x0000000000000008,4.0
2021-10-12,21:07:46.380,0,0,0.0,,0.0,0.00,0,0,6,0,-1016,0,-1024,-1024,-1,-1,-1,-1,-1,-1,0x0000000000000008,4.0
2021-10-12,21:07:47.880,0,0,0.0,,0.0,0.00,0,0,6,0,-1018,-1,-1024,-1024,-1,-1,-1,-1,-1,-1,0x0000000000000008,4.0
2021-10-12,21:07:49.380,0,0,0.0,,0.0,0.00,0,0,5,0,-1016,0,-1024,-1024,-1,-1,-1,-1,-1,-1,0x0000000000000008,4.0
2021-10-12,21:07:50.880,0,0,0.0,,0.0,0.00,0,0,6,0,-1016,0,-1024,-1024,-1,-1,-1,-1,-1,-1,0x0000000000000008,4.0
2021-10-12,21:07:52.380,0,0,0.0,,0.0,0.00,0,0,5,0,-1017,0,-1024,-1024,-1,-1,-1,-1,-1,-1,0x0000000000000008,4.0
2021-10-12,21:07:53.880,0,0,0.0,,0.0,0.00,0,0,8,0,-1017,0,-1024,-1024,-1,-1,-1,-1,-1,-1,0x0000000000000008,4.0
2021-10-12,21:07:55.380,0,0,0.0,,0.0,0.00,0,0,5,0,-1016,0,-1024,-1024,-1,-1,-1,-1,-1,-1,0x0000000000000008,4.0
2021-10-12,21:07:56.880,0,0,0.0,,0.0,0.00,0,0,7,0,-1016,0,-1024,-1024,-1,-1,-1,-1,-1,-1,0x0000000000000008,4.0
2021-10-12,21:07:58.380,0,0,0.0,,0.0,0.00,0,0,6,0,-1016,0,-1024,-1024,-1,-1,-1,-1,-1,-1,0x0000000000000008,4.0
2021-10-12,21:07:59.890,0,0,0.0,,0.0,0.00,0,0,7,0,-1016,0,-1024,-1024,-1,-1,-1,-1,-1,-1,0x0000000000000008,4.0
2021-10-12,21:08:01.390,0,0,0.0,,0.0,0.00,0,0,5,0,-1017,0,-1024,-1024,-1,-1,-1,-1,-1,-1,0x0000000000000008,4.0
2021-10-12,21:08:02.890,0,0,0.0,,0.0,0.00,0,0,5,0,-1015,0,-1024,-1024,-1,-1,-1,-1,-1,-1,0x0000000000000008,4.0
2021-10-12,21:08:04.390,0,0,0.0,,0.0,0.00,0,0,7,0,-1017,0,-1024,-1024,-1,-1,-1,-1,-1,-1,0x0000000000000008,4.0
2021-10-12,21:08:05.890,0,0,0.0,,0.0,0.00,0,0,6,1,-1019,0,-1024,-1024,-1,-1,-1,-1,-1,-1,0x0000000000000008,4.0
2021-10-12,21:08:07.390,0,0,0.0,,0.0,0.00,0,0,6,0,-1016,-1,-1024,-1024,-1,-1,-1,-1,-1,-1,0x0000000000000008,4.0
2021-10-12,21:08:08.890,0,0,0.0,,0.0,0.00,0,0,5,0,-1017,0,-313,-1024,-1,-1,-1,-1,-1,-1,0x0000000000000008,4.0
2021-10-12,21:08:10.390,0,0,0.0,,0.0,0.00,0,0,6,0,-1017,0,-1024,-1024,-1,-1,-1,-1,-1,-1,0x0000000000000008,4.0
2021-10-12,21:08:11.890,0,0,0.0,,0.0,0.00,0,0,5,0,-1014,0,-1024,-1024,-1,-1,-1,-1,-1,-1,0x0000000000000008,4.0
2021-10-12,21:08:13.400,0,0,0.0,,0.0,0.00,0,0,6,0,-1016,0,-1024,-1024,-1,-1,-1,-1,-1,-1,0x0000000000000008,4.0
2021-10-12,21:08:14.900,0,0,0.0,,0.0,0.00,0,0,6,0,-1016,-1,-1024,-1024,-1,-1,-1,-1,-1,-1,0x0000000000000008,4.0
2021-10-12,21:08:16.400,0,0,0.0,,0.0,0.00,0,0,6,0,-1017,0,-1024,-1024,-1,-1,-1,-1,-1,-1,0x0000000000000008,4.0
2021-10-12,21:08:17.900,0,0,0.0,,0.0,0.00,0,0,5,0,-1018,0,-1024,-1024,-1,-1,-1,-1,-1,-1,0x0000000000000008,4.0
2021-10-12,21:08:19.400,0,0,0.0,,0.0,0.00,0,0,7,1,-1017,0,-1024,-1024,-1,-1,-1,-1,-1,-1,0x0000000000000008,4.0
2021-10-12,21:08:20.900,0,0,0.0,,0.0,0.00,0,0,6,0,-1017,0,-1024,-1024,-1,-1,-1,-1,-1,-1,0x0000000000000008,4.0
2021-10-12,21:08:22.400,0,0,0.0,,0.0,0.00,0,0,5,0,-1018,0,-1024,-1024,-1,-1,-1,-1,-1,-1,0x0000000000000008,4.0
2021-10-12,21:08:23.900,0,0,0.0,,0.0,0.00,0,0,6,0,-1017,0,-1024,-1024,-1,-1,-1,-1,-1,-1,0x0000000000000008,4.0
2021-10-12,21:08:25.400,0,0,0.0,,0.0,0.00,0,0,6,0,-1016,0,-1024,-1024,-1,-1,-1,-1,-1,-1,0x0000000000000008,4.0
2021-10-12,21:08:26.900,0,0,0.0,,0.0,0.00,0,0,5,1,-1016,0,-1024,-1024,-1,-1,-1,-1,-1,-1,0x0000000000000008,4.0
2021-10-12,21:08:28.400,0,0,0.0,,0.0,0.00,0,0,5,0,-1016,0,-1024,-1024,-1,-1,-1,-1,-1,-1,0x0000000000000008,4.0
2021-10-12,21:08:29.900,0,0,0.0,,0.0,0.00,0,0,5,0,-1018,0,-1024,-1024,-1,-1,-1,-1,-1,-1,0x0000000000000008,4.0
2021-10-12,21:08:31.400,0,0,0.0,,0.0,0.00,0,0,6,1,-1016,0,-1024,-1024,-1,-1,-1,-1,-1,-1,0x0000000000000008,4.0
2021-10-12,21:08:32.900,0,0,0.0,,0.0,0.00,0,0,4,0,-1018,0,-1024,-1024,-1,-1,-1,-1,-1,-1,0x0000000000000008,4.0
2021-10-12,21:08:34.410,0,0,0.0,,0.0,0.00,0,0,5,0,-1018,1,-1024,-1024,-1,-1,-1,-1,-1,-1,0x0000000000000008,4.0
2021-10-12,21:08:35.910,0,0,0.0,,0.0,0.00,0,0,6,0,-1016,0,-1024,-1024,-1,-1,-1,-1,-1,-1,0x0000000000000008,4.0
2021-10-12,21:08:37.410,0,0,0.0,,0.0,0.00,0,0,7,0,-1016,0,-1024,-1024,-1,-1,-1,-1,-1,-1,0x0000000000000008,4.0
2021-10-12,21:08:38.910,0,0,0.0,,0.0,0.00,0,0,5,0,-1015,0,-1024,-1024,-1,-1,-1,-1,-1,-1,0x0000000000000008,4.0
2021-10-12,21:08:40.410,0,0,0.0,,0.0,0.00,0,0,8,0,-1018,0,-1024,-1024,-1,-1,-1,-1,-1,-1,0x0000000000000008,4.0
2021-10-12,21:08:41.910,0,0,0.0,,0.0,0.00,0,0,7,0,-1015,0,-1024,-1024,-1,-1,-1,-1,-1,-1,0x0000000000000008,4.0
2021-10-12,21:08:43.410,0,0,0.0,,0.0,0.00,0,0,7,0,-1018,0,-1024,-1024,-1,-1,-1,-1,-1,-1,0x0000000000000008,4.0
2021-10-12,21:08:44.910,0,0,0.0,,0.0,0.00,0,0,7,1,-1017,0,-1024,-1024,-1,-1,-1,-1,-1,-1,0x0000000000000008,4.0
2021-10-12,21:08:46.420,0,0,0.0,,0.0,0.00,0,0,5,0,-1016,0,-1024,-1024,-1,-1,-1,-1,-1,-1,0x0000000000000008,4.0
2021-10-12,21:08:47.920,0,0,0.0,,0.0,0.00,0,0,6,1,-1016,0,-1024,-1024,-1,-1,-1,-1,-1,-1,0x0000000000000008,4.0
2021-10-12,21:08:49.420,0,0,0.0,,0.0,0.00,0,0,6,0,-1017,0,-1024,-1024,-1,-1,-1,-1,-1,-1,0x0000000000000008,4.0
2021-10-12,21:08:50.920,0,0,0.0,,0.0,0.00,0,0,6,2,-1018,0,-1024,-1024,-1,-1,-1,-1,-1,-1,0x0000000000000008,4.0
2021-10-12,21:08:52.420,0,0,0.0,,0.0,0.00,0,0,6,0,-1017,0,-1024,-1024,-1,-1,-1,-1,-1,-1,0x0000000000000008,4.0
2021-10-12,21:08:53.920,0,0,0.0,,0.0,0.00,0,0,4,0,-1016,0,-1024,-1024,-1,-1,-1,-1,-1,-1,0x0000000000000008,4.0
2021-10-12,21:08:55.420,0,0,0.0,,0.0,0.00,0,0,6,0,-1018,0,-320,-1024,-1,-1,-1,-1,-1,-1,0x0000000000000008,4.0
2021-10-12,21:08:56.920,0,0,0.0,,0.0,0.00,0,0,6,1,-1016,0,-1024,-1024,-1,-1,-1,-1,-1,-1,0x0000000000000008,4.0
2021-10-12,21:08:58.420,0,0,0.0,,0.0,0.00,0,0,6,0,-1016,0,-1024,-1024,-1,-1,-1,-1,-1,-1,0x0000000000000008,4.0
2021-10-12,21:08:59.920,0,0,0.0,,0.0,0.00,0,0,5,0,-1016,0,-1024,-1024,-1,-1,-1,-1,-1,-1,0x0000000000000008,4.0
2021-10-12,21:09:01.420,0,0,0.0,,0.0,0.00,0,0,7,1,-1017,1,-1024,-1024,-1,-1,-1,-1,-1,-1,0x0000000000000008,4.0
2021-10-12,21:09:02.920,0,0,0.0,,0.0,0.00,0,0,5,0,-1017,0,-1024,-1024,-1,-1,-1,-1,-1,-1,0x0000000000000008,4.0
2021-10-12,21:09:04.420,0,0,0.0,,0.0,0.00,0,0,6,0,-1016,0,-1024,-1024,-1,-1,-1,-1,-1,-1,0x0000000000000008,4.0
2021-10-12,21:09:05.920,0,0,0.0,,0.0,0.00,0,0,9,2,-1016,0,-1024,-1024,-1,-1,-1,-1,-1,-1,0x0000000000000008,4.0
2021-10-12,21:09:07.420,0,0,0.0,,0.0,0.00,0,0,4,0,-1018,1,-1024,-1024,-1,-1,-1,-1,-1,-1,0x0000000000000008,4.0
2021-10-12,21:09:08.920,0,0,0.0,,0.0,0.00,0,0,5,0,-1017,1,-1024,-1024,-1,-1,-1,-1,-1,-1,0x0000000000000008,4.0
2021-10-12,21:09:10.430,0,0,0.0,,0.0,0.00,0,0,6,1,-1016,0,-311,-1024,-1,-1,-1,-1,-1,-1,0x0000000000000008,4.0
2021-10-12,21:09:11.930,0,0,0.0,,0.0,0.00,0,0,7,0,-1018,0,-1024,-1024,-1,-1,-1,-1,-1,-1,0x0000000000000008,4.0
2021-10-12,21:09:13.430,0,0,0.0,,0.0,0.00,0,0,5,1,-1015,0,-304,-1024,-1,-1,-1,-1,-1,-1,0x0000000000000008,4.0
2021-10-12,21:09:14.970,0,0,0.0,,0.0,0.00,0,0,7,0,-1018,0,-1024,-1024,-1,-1,-1,-1,-1,-1,0x0000000000000008,4.0
2021-10-12,21:09:16.470,0,0,0.0,,0.0,0.00,0,0,6,1,-1016,0,-1024,-1024,-1,-1,-1,-1,-1,-1,0x0000000000000008,4.0
2021-10-12,21:09:17.970,0,0,0.0,,0.0,0.00,0,0,5,1,-1017,0,-1024,-1024,-1,-1,-1,-1,-1,-1,0x0000000000000008,4.0
2021-10-12,21:09:19.470,0,0,0.0,,0.0,0.00,0,0,5,0,-1015,0,-1024,-1024,-1,-1,-1,-1,-1,-1,0x0000000000000008,4.0
2021-10-12,21:09:20.970,0,0,0.0,,0.0,0.00,0,0,6,0,-1016,0,-1024,-1024,-1,-1,-1,-1,-1,-1,0x0000000000000008,4.0
2021-10-12,21:09:22.480,0,0,0.0,,0.0,0.00,0,0,6,1,-1016,1,-1024,-1024,-1,-1,-1,-1,-1,-1,0x0000000000000008,4.0
2021-10-12,21:09:23.980,0,0,0.0,,0.0,0.00,0,0,4,1,-1015,0,-1024,-1024,-1,-1,-1,-1,-1,-1,0x0000000000000008,4.0
2021-10-12,21:09:25.480,0,0,0.0,,0.0,0.00,0,0,6,0,-1015,0,-1024,-1024,-1,-1,-1,-1,-1,-1,0x0000000000000008,4.0
2021-10-12,21:09:26.980,0,0,0.0,,0.0,0.00,0,0,6,1,-1019,1,-1024,-1024,-1,-1,-1,-1,-1,-1,0x0000000000000008,4.0
2021-10-12,21:09:28.480,0,0,0.0,,0.0,0.00,0,0,7,0,-1015,0,-1024,-1024,-1,-1,-1,-1,-1,-1,0x0000000000000008,4.0
2021-10-12,21:09:29.980,0,0,0.0,,0.0,0.00,0,0,6,1,-1016,1,-1024,-1024,-1,-1,-1,-1,-1,-1,0x0000000000000008,4.0
2021-10-12,21:09:31.490,0,0,0.0,,0.0,0.00,0,0,4,0,-1017,0,-1024,-1024,-1,-1,-1,-1,-1,-1,0x0000000000000008,4.0
2021-10-12,21:09:32.990,0,0,0.0,,0.0,0.00,0,0,5,1,-1017,0,-1024,-1024,-1,-1,-1,-1,-1,-1,0x0000000000000008,4.0
2021-10-12,21:09:34.490,0,0,0.0,,0.0,0.00,0,0,5,1,-1015,0,-1024,-1024,-1,-1,-1,-1,-1,-1,0x0000000000000008,4.0
2021-10-12,21:09:35.990,0,0,0.0,,0.0,0.00,0,0,5,0,-1016,0,-1024,-1024,-1,-1,-1,-1,-1,-1,0x0000000000000008,4.0
2021-10-12,21:09:37.490,0,0,0.0,,0.0,0.00,0,0,6,1,-1018,1,-1024,-1024,-1,-1,-1,-1,-1,-1,0x0000000000000008,4.0
2021-10-12,21:09:38.990,0,0,0.0,,0.0,0.00,0,0,6,1,-1016,0,-1024,-1024,-1,-1,-1,-1,-1,-1,0x0000000000000008,4.0
2021-10-12,21:09:40.490,0,0,0.0,,0.0,0.00,0,0,5,1,-1015,2,-1024,-1024,-1,-1,-1,-1,-1,-1,0x0000000000000008,4.0
2021-10-12,21:09:41.990,0,0,0.0,,0.0,0.00,0,0,5,1,-1016,0,-1024,-1024,-1,-1,-1,-1,-1,-1,0x0000000000000008,4.0
2021-10-12,21:09:43.490,0,0,0.0,,0.0,0.00,0,0,5,0,-1018,0,-307,-1024,-1,-1,-1,-1,-1,-1,0x0000000000000008,4.0
2021-10-12,21:09:44.990,0,0,0.0,,0.0,0.00,0,0,7,0,-1017,0,-1024,-1024,-1,-1,-1,-1,-1,-1,0x0000000000000008,4.0
2021-10-12,21:09:46.500,0,0,0.0,,0.0,0.00,0,0,6,0,-1016,0,-1024,-1024,-1,-1,-1,-1,-1,-1,0x0000000000000008,4.0
2021-10-12,21:09:48.000,0,0,0.0,,0.0,0.00,0,0,3,0,-1014,1,-1024,-1024,-1,-1,-1,-1,-1,-1,0x0000000000000008,4.0
2021-10-12,21:09:49.500,0,0,0.0,,0.0,0.00,0,0,5,0,-1017,0,-1024,-1024,-1,-1,-1,-1,-1,-1,0x0000000000000008,4.0
2021-10-12,21:09:51.000,0,0,0.0,,0.0,0.00,0,0,6,0,-1016,0,-1024,-1024,-1,-1,-1,-1,-1,-1,0x0000000000000008,4.0
2021-10-12,21:09:52.500,0,0,0.0,,0.0,0.00,0,0,5,0,-1016,1,-1024,-1024,-1,-1,-1,-1,-1,-1,0x0000000000000008,4.0
2021-10-12,21:09:54.000,0,0,0.0,,0.0,0.00,0,0,3,2,-1016,0,-1024,-1024,-1,-1,-1,-1,-1,-1,0x0000000000000008,4.0
2021-10-12,21:09:55.500,0,0,0.0,,0.0,0.00,0,0,6,2,-1017,0,-1024,-1024,-1,-1,-1,-1,-1,-1,0x0000000000000008,4.0
2021-10-12,21:09:57.000,0,0,0.0,,0.0,0.00,0,0,4,1,-1017,0,-1024,-1024,-1,-1,-1,-1,-1,-1,0x0000000000000008,4.0
2021-10-12,21:09:58.500,0,0,0.0,,0.0,0.00,0,0,5,1,-1016,0,-1024,-1024,-1,-1,-1,-1,-1,-1,0x0000000000000008,4.0
2021-10-12,21:10:00.000,0,0,0.0,,0.0,0.00,0,0,5,0,-1016,0,-1024,-1024,-1,-1,-1,-1,-1,-1,0x0000000000000008,4.0
2021-10-12,21:10:01.500,0,0,0.0,,0.0,0.00,0,0,6,2,-1016,0,-1024,-1024,-1,-1,-1,-1,-1,-1,0x0000000000000008,4.0
2021-10-12,21:10:03.010,0,0,0.0,,0.0,0.00,0,0,4,0,-1016,0,-1024,-1024,-1,-1,-1,-1,-1,-1,0x0000000000000008,4.0
2021-10-12,21:10:04.510,0,0,0.0,,0.0,0.00,0,0,6,1,-1017,0,-1024,-1024,-1,-1,-1,-1,-1,-1,0x0000000000000008,4.0
2021-10-12,21:10:06.010,0,0,0.0,,0.0,0.00,0,0,5,0,-1016,1,-1024,-1024,-1,-1,-1,-1,-1,-1,0x0000000000000008,4.0
2021-10-12,21:10:07.510,0,0,0.0,,0.0,0.00,0,0,6,0,-1017,1,-1024,-1024,-1,-1,-1,-1,-1,-1,0x0000000000000008,4.0
2021-10-12,21:10:09.010,0,0,0.0,,0.0,0.00,0,0,7,0,-1016,0,-1024,-1024,-1,-1,-1,-1,-1,-1,0x0000000000000008,4.0
2021-10-12,21:10:10.510,0,0,0.0,,0.0,0.00,0,0,7,1,-1015,0,-1024,-1024,-1,-1,-1,-1,-1,-1,0x0000000000000008,4.0
2021-10-12,21:10:12.010,0,0,0.0,,0.0,0.00,0,0,7,2,-1015,1,-1024,-1024,-1,-1,-1,-1,-1,-1,0x0000000000000008,4.0
2021-10-12,21:10:13.520,0,0,0.0,,0.0,0.00,0,0,5,2,-1016,2,-1024,-1024,-1,-1,-1,-1,-1,-1,0x0000000000000008,4.0
2021-10-12,21:10:15.020,0,0,0.0,,0.0,0.00,0,0,5,1,-1017,0,-313,-1024,-1,-1,-1,-1,-1,-1,0x0000000000000008,4.0
2021-10-12,21:10:16.520,0,0,0.0,,0.0,0.00,0,0,6,2,-1017,0,-1024,-1024,-1,-1,-1,-1,-1,-1,0x0000000000000008,4.0
2021-10-12,21:10:18.020,0,0,0.0,,0.0,0.00,0,0,6,0,-1015,1,-1024,-1024,-1,-1,-1,-1,-1,-1,0x0000000000000008,4.0
2021-10-12,21:10:19.520,0,0,0.0,,0.0,0.00,0,0,6,2,-1016,0,-1024,-1024,-1,-1,-1,-1,-1,-1,0x0000000000000008,4.0
2021-10-12,21:10:21.030,0,0,0.0,,0.0,0.00,0,0,6,0,-1017,0,-1024,-1024,-1,-1,-1,-1,-1,-1,0x0000000000000008,4.0
2021-10-12,21:10:22.530,0,0,0.0,,0.0,0.00,0,0,6,0,-1016,0,-1024,-1024,-1,-1,-1,-1,-1,-1,0x0000000000000008,4.0
2021-10-12,21:10:24.030,0,0,0.0,,0.0,0.00,0,0,5,0,-1016,0,-1024,-1024,-1,-1,-1,-1,-1,-1,0x0000000000000008,4.0
2021-10-12,21:10:25.530,0,0,0.0,,0.0,0.00,0,0,6,0,-1017,0,-1024,-1024,-1,-1,-1,-1,-1,-1,0x0000000000000008,4.0
2021-10-12,21:10:27.030,0,0,0.0,,0.0,0.00,0,0,7,1,-1017,0,-1024,-1024,-1,-1,-1,-1,-1,-1,0x0000000000000008,4.0
2021-10-12,21:10:28.530,0,0,0.0,,0.0,0.00,0,0,5,1,-1016,0,-1024,-1024,-1,-1,-1,-1,-1,-1,0x0000000000000008,4.0
2021-10-12,21:10:30.030,0,0,0.0,,0.0,0.00,0,0,3,0,-1017,0,-1024,-1024,-1,-1,-1,-1,-1,-1,0x0000000000000008,4.0
2021-10-12,21:10:31.530,0,0,0.0,,0.0,0.00,0,0,5,0,-1015,0,-1024,-1024,-1,-1,-1,-1,-1,-1,0x0000000000000008,4.0
2021-10-12,21:10:33.030,0,0,0.0,,0.0,0.00,0,0,6,0,-1017,1,-1024,-1024,-1,-1,-1,-1,-1,-1,0x0000000000000008,4.0
2021-10-12,21:10:34.530,0,0,0.0,,0.0,0.00,0,0,5,0,-1016,0,-1024,-1024,-1,-1,-1,-1,-1,-1,0x0000000000000008,4.0
2021-10-12,21:10:36.030,0,0,0.0,,0.0,0.00,0,0,7,0,-1016,1,-1024,-1024,-1,-1,-1,-1,-1,-1,0x0000000000000008,4.0
2021-10-12,21:10:37.530,0,0,0.0,,0.0,0.00,0,0,6,0,-1016,0,-1024,-1024,-1,-1,-1,-1,-1,-1,0x0000000000000008,4.0
2021-10-12,21:10:39.030,0,0,0.0,,0.0,0.00,0,0,5,0,-1015,1,-1024,-1024,-1,-1,-1,-1,-1,-1,0x0000000000000008,4.0
2021-10-12,21:10:40.530,0,0,0.0,,0.0,0.00,0,0,4,0,-1016,0,-1024,-1024,-1,-1,-1,-1,-1,-1,0x0000000000000008,4.0
2021-10-12,21:10:42.040,0,0,0.0,,0.0,0.00,0,0,4,2,-1017,0,-1024,-1024,-1,-1,-1,-1,-1,-1,0x0000000000000008,4.0
2021-10-12,21:10:43.540,0,0,0.0,,0.0,0.00,0,0,5,1,-1017,0,-1024,-1024,-1,-1,-1,-1,-1,-1,0x0000000000000008,4.0
2021-10-12,21:10:45.040,0,0,0.0,,0.0,0.00,0,0,6,0,-1015,0,-1024,-1024,-1,-1,-1,-1,-1,-1,0x0000000000000008,4.0
2021-10-12,21:10:46.540,0,0,0.0,,0.0,0.00,0,0,6,0,-1016,1,-1024,-1024,-1,-1,-1,-1,-1,-1,0x0000000000000008,4.0
2021-10-12,21:10:48.040,0,0,0.0,,0.0,0.00,0,0,6,0,-1018,1,-1024,-1024,-1,-1,-1,-1,-1,-1,0x0000000000000008,4.0
2021-10-12,21:10:49.540,0,0,0.0,,0.0,0.00,0,0,7,1,-1015,0,-1024,-1024,-1,-1,-1,-1,-1,-1,0x0000000000000008,4.0
2021-10-12,21:10:51.040,0,0,0.0,,0.0,0.00,0,0,5,1,-1016,0,-1024,-1024,-1,-1,-1,-1,-1,-1,0x0000000000000008,4.0
2021-10-12,21:10:52.540,0,0,0.0,,0.0,0.00,0,0,7,0,-1014,0,-1024,-1024,-1,-1,-1,-1,-1,-1,0x0000000000000008,4.0
2021-10-12,21:10:54.040,0,0,0.0,,0.0,0.00,0,0,4,0,-1016,1,-1024,-1024,-1,-1,-1,-1,-1,-1,0x0000000000000008,4.0
2021-10-12,21:10:55.540,0,0,0.0,,0.0,0.00,0,0,5,1,-1015,0,-1024,-1024,-1,-1,-1,-1,-1,-1,0x0000000000000008,4.0
2021-10-12,21:10:57.040,0,0,0.0,,0.0,0.00,0,0,6,1,-1016,1,-1024,-1024,-1,-1,-1,-1,-1,-1,0x0000000000000008,4.0
2021-10-12,21:10:58.540,0,0,0.0,,0.0,0.00,0,0,5,0,-1016,0,-1024,-1024,-1,-1,-1,-1,-1,-1,0x0000000000000008,4.0
2021-10-12,21:11:00.040,0,0,0.0,,0.0,0.00,0,0,4,1,-1015,1,-1024,-1024,-1,-1,-1,-1,-1,-1,0x0000000000000008,4.0
2021-10-12,21:11:01.540,0,0,0.0,,0.0,0.00,0,0,5,0,-1016,0,-1024,-1024,-1,-1,-1,-1,-1,-1,0x0000000000000008,4.0
2021-10-12,21:11:03.050,0,0,0.0,,0.0,0.00,0,0,7,1,-1015,1,-370,-1024,-1,-1,-1,-1,-1,-1,0x0000000000000008,4.0
2021-10-12,21:11:04.550,0,0,0.0,,0.0,0.00,0,0,4,0,-1016,1,-1024,-1024,-1,-1,-1,-1,-1,-1,0x0000000000000008,4.0
2021-10-12,21:11:06.050,0,0,0.0,,0.0,0.00,0,0,3,1,-1016,0,-1024,-1024,-1,-1,-1,-1,-1,-1,0x0000000000000008,4.0
2021-10-12,21:11:07.550,0,0,0.0,,0.0,0.00,0,0,5,0,-1016,0,-1024,-1024,-1,-1,-1,-1,-1,-1,0x0000000000000008,4.0
2021-10-12,21:11:09.050,0,0,0.0,,0.0,0.00,0,0,4,-1,-1017,0,-1024,-1024,-1,-1,-1,-1,-1,-1,0x0000000000000008,4.0
2021-10-12,21:11:10.550,0,0,0.0,,0.0,0.00,0,0,4,1,-1015,1,-1024,-1024,-1,-1,-1,-1,-1,-1,0x0000000000000008,4.0
2021-10-12,21:11:12.050,0,0,0.0,,0.0,0.00,0,0,5,0,-1017,0,-1024,-1024,-1,-1,-1,-1,-1,-1,0x0000000000000008,4.0
2021-10-12,21:11:13.550,0,0,0.0,,0.0,0.00,0,0,5,1,-1016,0,-1024,-1024,-1,-1,-1,-1,-1,-1,0x0000000000000008,4.0
2021-10-12,21:11:15.050,0,0,0.0,,0.0,0.00,0,0,6,1,-1017,1,-1024,-1024,-1,-1,-1,-1,-1,-1,0x0000000000000008,4.0
2021-10-12,21:11:16.560,0,0,0.0,,0.0,0.00,0,0,6,0,-1017,1,-1024,-1024,-1,-1,-1,-1,-1,-1,0x0000000000000008,4.0
2021-10-12,21:11:18.060,0,0,0.0,,0.0,0.00,0,0,5,0,-1016,1,-1024,-1024,-1,-1,-1,-1,-1,-1,0x0000000000000008,4.0
2021-10-12,21:11:19.560,0,0,0.0,,0.0,0.00,0,0,4,0,-1015,1,-1024,-1024,-1,-1,-1,-1,-1,-1,0x0000000000000008,4.0
2021-10-12,21:11:21.060,0,0,0.0,,0.0,0.00,0,0,4,1,-1017,0,-1024,-1024,-1,-1,-1,-1,-1,-1,0x0000000000000008,4.0
2021-10-12,21:11:22.560,0,0,0.0,,0.0,0.00,0,0,4,0,-1017,0,-1024,-1024,-1,-1,-1,-1,-1,-1,0x0000000000000008,4.0
2021-10-12,21:11:24.060,0,0,0.0,,0.0,0.00,0,0,6,1,-1016,0,-1024,-1024,-1,-1,-1,-1,-1,-1,0x0000000000000008,4.0
2021-10-12,21:11:25.560,0,0,0.0,,0.0,0.00,0,0,4,1,-1014,0,-1024,-1024,-1,-1,-1,-1,-1,-1,0x0000000000000008,4.0
2021-10-12,21:11:27.060,0,0,0.0,,0.0,0.00,0,0,5,0,-1015,1,-1024,-1024,-1,-1,-1,-1,-1,-1,0x0000000000000008,4.0
2021-10-12,21:11:28.560,0,0,0.0,,0.0,0.00,0,0,5,0,-1015,0,-1024,-1024,-1,-1,-1,-1,-1,-1,0x0000000000000008,4.0
2021-10-12,21:11:30.060,0,0,0.0,,0.0,0.00,0,0,5,1,-1014,0,-1024,-1024,-1,-1,-1,-1,-1,-1,0x0000000000000008,4.0
2021-10-12,21:11:31.560,0,0,0.0,,0.0,0.00,0,0,8,1,-1017,1,-1024,-1024,-1,-1,-1,-1,-1,-1,0x0000000000000008,4.0
2021-10-12,21:11:33.060,0,0,0.0,,0.0,0.00,0,0,4,0,-1016,0,-1024,-1024,-1,-1,-1,-1,-1,-1,0x0000000000000008,4.0
2021-10-12,21:11:34.560,0,0,0.0,,0.0,0.00,0,0,8,-2,-1023,4,-1024,-1024,-1,-1,-1,-1,-1,-1,0x0000000000000008,4.0
2021-10-12,21:11:36.070,0,0,0.0,,0.0,0.00,0,0,10,-2,-1024,3,-301,-1024,-1,-1,-1,-1,-1,-1,0x0000000000000008,4.0
2021-10-12,21:11:37.570,0,0,0.0,,0.0,0.00,0,0,9,-3,-1024,2,-1024,-1024,-1,-1,-1,-1,-1,-1,0x0000000000000008,4.0
2021-10-12,21:11:39.070,0,0,0.0,,0.0,0.00,0,0,11,-2,-1024,3,-1024,-1024,-1,-1,-1,-1,-1,-1,0x0000000000000008,4.0
2021-10-12,21:11:40.570,0,0,0.0,,0.0,0.00,0,0,10,-3,-1024,2,-1024,-1024,-1,-1,-1,-1,-1,-1,0x0000000000000008,4.0
2021-10-12,21:11:42.070,0,0,0.0,,0.0,0.00,0,0,11,-2,-1024,2,-1024,-1024,-1,-1,-1,-1,-1,-1,0x0000000000000008,4.0
2021-10-12,21:11:43.570,0,0,0.0,,0.0,0.00,0,0,13,-2,-1024,3,-1024,-1024,-1,-1,-1,-1,-1,-1,0x0000000000000008,4.0
2021-10-12,21:11:45.070,0,0,0.0,,0.0,0.00,0,0,11,-3,-1024,2,-1024,-1024,-1,-1,-1,-1,-1,-1,0x0000000000000008,4.0
2021-10-12,21:11:46.570,0,0,0.0,,0.0,0.00,0,0,13,-2,-1024,2,-1024,-1024,-1,-1,-1,-1,-1,-1,0x0000000000000008,4.0
2021-10-12,21:11:48.070,0,0,0.0,,0.0,0.00,0,0,10,-3,-1024,1,-1024,-1024,-1,-1,-1,-1,-1,-1,0x0000000000000008,4.0
2021-10-12,21:11:49.980,0,0,0.0,,0.0,0.00,0,0,10,-3,-1024,2,-1024,-1024,-1,-1,-1,-1,-1,-1,0x0000000000000008,4.0
2021-10-12,21:11:51.470,0,0,0.0,,0.0,0.00,0,0,10,-2,-1024,2,-1024,-1024,-1,-1,-1,-1,-1,-1,0x0000000000000008,4.0
2021-10-12,21:11:54.090,0,0,0.0,,0.0,0.00,0,0,10,-2,-1024,1,-1024,-1024,-1,-1,-1,-1,-1,-1,0x0000000000000008,4.0
2021-10-12,21:11:55.590,0,0,0.0,,0.0,0.00,0,0,9,-1,-1024,1,-1024,-1024,-1,-1,-1,-1,-1,-1,0x0000000000000008,4.0
2021-10-12,21:11:57.090,0,0,0.0,,0.0,0.00,0,0,5,-4,-521,3,-1024,-1024,-1,-1,-1,-1,-1,-1,0x0000000000000008,4.0
2021-10-12,21:11:58.590,0,0,0.0,,0.0,0.00,0,0,5,-1,-518,0,-1024,-1024,-1,-1,-1,-1,-1,-1,0x0000000000000008,4.0
2021-10-12,21:12:00.110,0,0,0.0,,0.0,0.00,0,0,6,-2,-517,0,-1024,-1024,-1,-1,-1,-1,-1,-1,0x0000000000000008,4.0
2021-10-12,21:12:01.620,0,0,0.0,,0.0,0.00,0,0,7,-2,-518,0,-1024,-1024,-1,-1,-1,-1,-1,-1,0x0000000000000008,4.0
2021-10-12,21:12:03.120,0,0,0.0,,0.0,0.00,0,0,8,-1,-518,0,-1024,-1024,-1,-1,-1,-1,-1,-1,0x0000000000000008,4.0
2021-10-12,21:12:04.650,0,0,0.0,,0.0,0.00,0,0,7,-4,-518,0,-1024,-1024,-1,-1,-1,-1,-1,-1,0x0000000000000008,4.0
2021-10-12,21:12:06.180,0,0,0.0,,0.0,0.00,0,0,7,-4,-517,0,-1024,-1024,-1,-1,-1,-1,-1,-1,0x0000000000000008,4.0
2021-10-12,21:12:07.680,0,0,0.0,,0.0,0.00,0,0,7,-2,-518,0,-1024,-1024,-1,-1,-1,-1,-1,-1,0x0000000000000008,4.0
2021-10-12,21:12:09.180,0,0,0.0,,0.0,0.00,0,0,6,-2,-517,1,-1024,-1024,-1,-1,-1,-1,-1,-1,0x0000000000000008,4.0
2021-10-12,21:12:10.680,0,0,0.0,,0.0,0.00,0,0,7,-2,-517,0,-1024,-1024,-1,-1,-1,-1,-1,-1,0x0000000000000008,4.0
2021-10-12,21:12:12.190,0,0,0.0,,0.0,0.00,0,0,5,-3,-517,0,-1024,-1024,-1,-1,-1,-1,-1,-1,0x0000000000000008,4.0
2021-10-12,21:12:13.690,0,0,0.0,,0.0,0.00,0,0,5,-3,-518,1,-1024,-1024,-1,-1,-1,-1,-1,-1,0x0000000000000008,4.0
2021-10-12,21:12:15.190,0,0,0.0,,0.0,0.00,0,0,5,-3,-519,0,-1024,-1024,-1,-1,-1,-1,-1,-1,0x0000000000000008,4.0
2021-10-12,21:12:16.690,0,0,0.0,,0.0,0.00,0,0,6,-3,-519,0,-1024,-1024,-1,-1,-1,-1,-1,-1,0x0000000000000008,4.0
2021-10-12,21:12:18.190,0,0,0.0,,0.0,0.00,0,0,5,-2,-517,0,-1024,-1024,-1,-1,-1,-1,-1,-1,0x0000000000000008,4.0
2021-10-12,21:12:19.690,0,0,0.0,,0.0,0.00,0,0,7,-2,-518,0,-1024,-1024,-1,-1,-1,-1,-1,-1,0x0000000000000008,4.0
2021-10-12,21:12:21.190,0,0,0.0,,0.0,0.00,0,0,7,-3,-518,0,-1024,-1024,-1,-1,-1,-1,-1,-1,0x0000000000000008,4.0
2021-10-12,21:12:22.690,0,0,0.0,,0.0,0.00,0,0,5,-3,-517,1,-1024,-1024,-1,-1,-1,-1,-1,-1,0x0000000000000008,4.0
2021-10-12,21:12:24.190,0,0,0.0,,0.0,0.00,0,0,6,-2,-518,0,-1024,-1024,-1,-1,-1,-1,-1,-1,0x0000000000000008,4.0
2021-10-12,21:12:25.690,0,0,0.0,,0.0,0.00,0,0,6,-3,-519,0,-1024,-1024,-1,-1,-1,-1,-1,-1,0x0000000000000008,4.0
2021-10-12,21:12:27.190,0,0,0.0,,0.0,0.00,0,0,6,-3,-519,0,-1024,-1024,-1,-1,-1,-1,-1,-1,0x0000000000000008,4.0
2021-10-12,21:12:28.700,0,0,0.0,,0.0,0.00,0,0,5,-2,-518,0,-1024,-1024,-1,-1,-1,-1,-1,-1,0x0000000000000008,4.0
2021-10-12,21:12:30.200,0,0,0.0,,0.0,0.00,0,0,7,-3,-518,0,-1024,-1024,-1,-1,-1,-1,-1,-1,0x0000000000000008,4.0
2021-10-12,21:12:31.700,0,0,0.0,,0.0,0.00,0,0,6,-3,-517,0,-1024,-1024,-1,-1,-1,-1,-1,-1,0x0000000000000008,4.0
2021-10-12,21:12:33.200,0,0,0.0,,0.0,0.00,0,0,6,-3,-518,0,-1024,-1024,-1,-1,-1,-1,-1,-1,0x0000000000000008,4.0
2021-10-12,21:12:34.700,0,0,0.0,,0.0,0.00,0,0,6,-3,-520,0,-1024,-1024,-1,-1,-1,-1,-1,-1,0x0000000000000008,4.0
2021-10-12,21:12:36.200,0,0,0.0,,0.0,0.00,0,0,5,-3,-518,0,-1024,-1024,-1,-1,-1,-1,-1,-1,0x0000000000000008,4.0
2021-10-12,21:12:37.700,0,0,0.0,,0.0,0.00,0,0,7,-4,-518,0,-1024,-1024,-1,-1,-1,-1,-1,-1,0x0000000000000008,4.0
2021-10-12,21:12:39.210,0,0,0.0,,0.0,0.00,0,0,5,-2,-519,0,-1024,-1024,-1,-1,-1,-1,-1,-1,0x0000000000000008,4.0
2021-10-12,21:12:40.710,0,0,0.0,,0.0,0.00,0,0,5,-3,-519,1,-1024,-1024,-1,-1,-1,-1,-1,-1,0x0000000000000008,4.0
2021-10-12,21:12:42.210,0,0,0.0,,0.0,0.00,0,0,5,-3,-517,0,-1024,-1024,-1,-1,-1,-1,-1,-1,0x0000000000000008,4.0
2021-10-12,21:12:43.710,0,0,0.0,,0.0,0.00,0,0,5,-4,-518,1,-1024,-1024,-1,-1,-1,-1,-1,-1,0x0000000000000008,4.0
2021-10-12,21:12:45.210,0,0,0.0,,0.0,0.00,0,0,6,-3,-519,0,-1024,-1024,-1,-1,-1,-1,-1,-1,0x0000000000000008,4.0
2021-10-12,21:12:46.710,0,0,0.0,,0.0,0.00,0,0,5,-3,-519,1,-1024,-1024,-1,-1,-1,-1,-1,-1,0x0000000000000008,4.0
2021-10-12,21:12:49.170,0,0,0.0,,0.0,0.00,0,0,5,-4,-519,0,-1024,-1024,-1,-1,-1,-1,-1,-1,0x0000000000000008,4.0
2021-10-12,21:12:57.830,0,0,0.0,,0.0,0.00,0,0,5,-5,-519,0,-1024,-1024,-1,-1,-1,-1,-1,-1,0x0000000000000008,4.0
2021-10-12,21:12:59.330,0,0,0.0,,0.0,0.00,0,0,5,-3,-518,1,-1024,-1024,-1,-1,-1,-1,-1,-1,0x0000000000000008,4.0
